4.2385
3.69518
18.2184
24.2888
29.4624
32.5544
34.8423
36.2837
37.4153
38.6252
39.2993
40.0796
40.7735
41.0186
41.585
41.9814
42.3719
42.5931
42.799
43.081
43.2479
43.4945
43.7379
43.7647
43.9429
44.0926
44.2599
44.3418
44.4203
44.5729
44.6378
44.7631
44.8926
44.8767
44.914
44.9974
45.0951
45.1332
45.1693
45.2676
46.4282
46.7336
46.3678
47.0331
47.1794
47.4173
47.6755
47.9973
47.9529
47.757
47.7614
47.6332
47.7146
47.7982
47.9643
48.0774
47.9895
47.9696
47.8965
47.8828
47.7886
47.8078
47.9148
48.0002
48.0897
48.0056
48.0014
47.938
47.9436
47.9006
47.9549
48.0278
48.0782
48.1007
48.0325
48.0389
47.9893
48.0056
47.9533
47.9985
48.0532
48.0889
48.0912
48.0297
48.0481
48.0053
48.0274
48.0727
48.1177
48.1605
48.1087
48.1144
48.0618
48.0633
48.0194
48.0241
48.0514
48.0894
48.1179
48.0925
48.1025
48.0804
48.0945
46.1522
48.1969
48.6562
47.9734
47.9779
47.6333
48.0062
48.2132
47.9574
47.9193
47.734
47.9469
48.0391
47.9089
47.9815
47.8165
47.962
48.0798
47.9334
47.9774
47.849
47.9479
48.0479
47.9135
47.9245
47.8476
47.8899
47.9751
47.9208
47.9163
47.8758
47.9227
47.9931
47.9584
47.9473
47.9099
47.973
47.9503
47.9077
47.9086
47.8514
47.9078
47.9385
47.8951
47.9185
47.8488
47.9005
47.9497
47.8891
47.9124
47.8788
47.9169
47.9609
47.9086
47.92
47.8838
47.9016
47.9424
47.9079
47.9005
47.8793
47.9064
47.94
47.9196
47.9097
47.8906
47.9258
47.9416
47.9229
48.6091
47.3553
48.3215
48.5427
48.0147
48.0644
47.5658
47.7176
47.9611
48.1504
48.202
48.0072
48.061
47.89
48.0519
48.1918
48.1925
48.2299
48.0815
48.1913
48.2887
48.16
48.1593
48.0342
48.04
48.1075
48.188
48.2129
48.1174
48.144
48.05
48.1196
48.1852
48.1278
48.1501
48.0687
48.0716
48.1174
48.1727
48.1821
48.1113
48.1196
48.1192
48.1685
48.1791
48.1776
48.1836
48.1364
48.18
48.2101
48.1792
48.181
48.1273
48.1296
48.1544
48.1925
48.1979
48.1571
48.17
48.1246
48.1596
48.1823
48.1493
48.163
48.1296
48.1381
48.1581
46.2463
47.1175
46.728
47.2201
47.6523
48.0836
48.0229
47.8314
47.9523
47.7357
47.967
48.0568
47.92
47.9938
47.8381
47.8665
47.9606
48.0833
48.0881
47.9162
47.929
47.8295
47.9101
48.0091
47.9164
47.9547
47.8992
47.8915
47.9739
47.9871
47.9998
47.9568
47.9244
47.9927
48.0517
48.0331
47.9745
47.9612
47.9265
47.9845
48.0133
47.9754
47.9852
47.9478
47.97
47.9942
48.0428
48.0566
47.9947
48.0046
47.9482
47.9925
48.0348
47.9719
47.984
47.943
47.9515
47.9918
47.972
47.9865
47.9643
47.9681
48.0049
48.0265
48.0297
48.0049
47.9885
46.5189
48.2078
48.7261
48.1488
47.9606
47.675
47.8178
47.9659
47.82
47.8961
47.7295
47.8305
47.96
47.9625
47.9789
47.8455
47.8727
47.9577
48.079
48.07
47.9688
47.981
47.9693
48.0664
48.08
48.0246
48.0587
47.981
48.0606
48.1091
48.0598
48.0684
47.9849
48.051
48.0897
48.0293
48.031
47.968
47.978
48.0139
47.9735
47.9913
48.006
48.0269
48.0619
48.061
48.0699
48.0317
48.0378
48.0648
48.1076
48.0958
48.0543
48.0566
48.0466
48.086
48.0726
48.0472
48.063
48.0302
48.0671
48.0905
48.1028
48.1154
48.081
48.1137
48.1328
48.0998
47.9382
47.0357
47.4408
47.9516
48.4137
48.2499
47.9809
48.0968
48.2781
48.4789
48.4475
48.2918
48.2867
48.1366
48.2769
48.3306
48.1942
48.2154
48.0728
48.0871
48.1373
48.2347
48.2621
48.1679
48.2001
48.0995
48.1795
48.2539
48.1445
48.1678
48.0726
48.0859
48.1517
48.0693
48.0718
47.9927
48.012
48.0719
48.1019
48.1168
48.0656
48.0862
47.9868
48.0128
48.0629
48.013
48.0174
47.9749
47.9564
48.0024
48.0381
48.039
48.0118
47.9989
48.0145
48.0499
48.0531
48.0307
48.0262
48.0027
48.0367
48.0657
48.0314
48.0164
47.9878
47.9909
48.0175
50.2881
48.9525
48.0609
48.2181
48.2022
48.5513
48.498
48.2591
48.3363
48.0084
48.2118
48.3394
48.1426
48.1563
47.9527
48.0987
48.1946
48.0768
48.0868
47.9461
47.9948
48.0756
48.0117
48.0497
47.9619
47.9968
48.0513
48.1303
48.1378
48.0402
48.0486
48.0906
48.1572
48.1786
48.1018
48.1042
48.0936
48.1512
48.1707
48.1223
48.1418
48.0723
48.1237
48.1688
48.1776
48.1812
48.1642
48.2081
48.2444
48.193
48.1935
48.1459
48.1596
48.1942
48.1619
48.1748
48.1756
48.1881
48.2157
48.1761
48.1887
48.1397
48.1403
48.165
48.1972
48.197
48.1502
48.1539
47.9088
49.0986
49.0318
48.2832
48.4094
47.8801
48.2224
48.4585
48.2102
48.2248
47.9282
47.9786
48.1207
48.2732
48.266
48.0387
48.0765
47.9668
48.0711
48.1817
48.05
48.0801
48.0087
48.0171
48.1072
48.0139
48.0235
47.9507
47.9306
48.0069
48.0597
48.0582
48.0175
47.9907
47.9526
48.0126
48.058
48.0207
48.0014
47.9659
47.9895
48.0191
48.0709
48.0504
48.0078
48.0148
47.9501
47.9988
48.039
47.9815
47.998
47.9502
47.9686
48.0114
47.9655
47.9812
47.9379
47.9437
47.9822
48.0005
48.0118
47.9784
47.978
47.9564
47.9731
48.0082
47.987
47.6498
47.218
47.5401
48.2175
47.9383
47.8936
47.6923
47.7291
47.9215
48.1542
48.1051
47.943
47.9714
48.0425
48.1922
48.2176
48.1171
48.15
48.005
48.1186
48.1267
48.0609
48.0976
47.978
48.0691
48.1198
48.0435
48.0531
47.9765
48.0513
48.0951
48.0364
48.0552
48.0117
48.0217
48.0622
48.0115
48.0179
47.9816
47.9886
48.0247
48.0779
48.0623
48.0189
48.0262
48.0627
48.11
48.1032
48.0721
48.0775
48.0436
48.0868
48.088
48.0611
48.0577
48.0195
48.0585
48.0833
48.0463
48.0356
48.0075
48.0432
48.0706
48.0443
48.0347
48.0138
48.026
48.0542
46.6336
47.1063
46.9386
47.1465
47.7573
48.1741
48.0652
47.8318
47.8038
47.6579
47.879
48.0568
47.8911
47.8841
47.7996
47.8318
47.9682
48.0965
48.0785
48.0036
48.0029
48.0101
48.1075
48.0707
47.9835
47.9871
47.893
47.9081
47.9537
47.8907
47.9226
47.8492
47.8799
47.9301
47.9973
48.0223
47.9389
47.9553
47.8952
47.9502
48.0057
47.9271
47.9394
47.8913
47.903
47.9547
47.9805
47.9986
47.9701
47.9736
47.9482
47.9741
48.0173
47.9823
47.9699
47.9437
47.972
48.0116
47.9827
47.9664
47.9764
47.9761
48.0079
48.0436
48.04
48.0221
48.0359
46.0696
48.1525
48.485
47.895
47.967
47.5028
47.6982
47.9084
48.1737
48.2284
47.913
47.9926
48.026
48.179
48.3199
48.1628
48.2062
48.0547
48.1716
48.276
48.1446
48.1462
48.0154
48.0333
48.122
48.1814
48.1925
48.1058
48.1264
48.0739
48.1357
48.2031
48.1302
48.1358
48.0711
48.09
48.1482
48.0731
48.075
48.0115
48.0283
47.9906
48.03
48.0814
48.0792
48.0928
48.0579
48.0954
48.139
48.0777
48.0849
48.0409
48.0473
48.0879
48.1102
48.1127
48.118
48.1324
48.1079
48.13
48.1654
48.1289
48.1391
48.1165
48.1147
48.1468
48.1023
48.1708
48.1794
48.1372
48.1875
48.4116
48.418
48.1284
48.2123
48.0415
48.1693
48.3619
48.1795
48.2319
48.0755
48.0408
48.1798
48.2503
48.2534
48.141
48.0963
48.025
48.0918
48.1873
48.1229
48.0946
48.0371
48.0471
48.1241
48.0722
48.0432
47.9919
47.9966
48.0605
48.125
48.0947
48.0364
48.0493
48.0054
48.0628
48.0901
48.0426
48.0476
48.0038
48.0237
48.0503
48.0989
48.1123
48.0618
48.0679
48.0462
48.0896
48.1318
48.0885
48.1033
48.0509
48.065
48.1032
48.051
48.0622
48.0247
48.039
48.0745
48.0958
48.103
48.0956
48.1007
48.0699
49.2575
49.774
48.5576
48.6106
48.2225
48.0521
48.3697
48.5087
48.5229
48.3454
48.2461
48.3023
48.4124
48.3862
48.2461
48.1796
48.0886
48.1874
48.2898
48.2051
48.1973
48.1064
48.0947
48.1865
48.2692
48.2374
48.1698
48.1708
48.117
48.1878
48.2301
48.1694
48.1486
48.0905
48.1136
48.1571
48.114
48.0929
48.041
48.0607
48.1043
48.156
48.1475
48.1023
48.1049
48.0674
48.1146
48.1393
48.0971
48.0977
48.0689
48.0859
48.1103
48.1499
48.1395
48.1075
48.1234
48.1115
48.1479
48.1377
48.1092
48.1221
48.08
48.1136
48.1323
48.1066
48.1192
45.8542
47.3874
48.0266
48.591
48.6143
48.1139
48.1481
47.7593
48.0394
48.2126
48.0623
48.11
47.8584
47.9346
48.0562
48.1956
48.2387
48.0743
48.0923
48.1076
48.2114
48.2374
48.0933
48.0962
48.0006
48.035
48.1183
48.1085
48.114
48.0364
48.0649
48.1344
48.1678
48.182
48.1133
48.1375
48.0986
48.128
48.1827
48.1146
48.1213
48.0891
48.0811
48.1312
48.1187
48.1261
48.0953
48.0781
48.1233
48.1572
48.1535
48.1234
48.1087
48.0683
48.1015
48.1361
48.1091
48.1051
48.0791
48.0802
48.1122
48.1467
48.1324
48.105
48.1137
48.0861
48.1186
49.2533
47.7528
47.8775
47.3424
47.6096
47.882
47.6729
47.7199
47.8073
47.9185
48.0472
48.233
48.2759
48.2455
48.2911
48.0752
48.2037
48.3177
48.1623
48.1994
48.0501
48.0706
48.1543
48.2324
48.2552
48.1514
48.1782
48.0951
48.1618
48.2328
48.1506
48.1672
48.0965
48.1054
48.1665
48.0793
48.0893
48.0444
48.0546
48.1106
48.1402
48.1496
48.1053
48.1151
48.0826
48.1077
48.154
48.1606
48.1612
48.1309
48.1173
48.1588
48.1883
48.1887
48.1606
48.1432
48.1161
48.1455
48.1805
48.1926
48.1801
48.1542
48.1797
48.2112
48.186
48.1726
48.1412
47.7542
48.9892
49.4206
49.013
48.8604
48.7854
48.4798
48.7049
48.765
48.5478
48.4954
48.3253
48.3231
48.3884
48.3623
48.3188
48.1954
48.236
48.2881
48.3874
48.3802
48.2932
48.3293
48.1997
48.2832
48.3324
48.2479
48.2729
48.1619
48.1851
48.2377
48.3012
48.3002
48.2188
48.2226
48.1467
48.2024
48.2571
48.1899
48.2072
48.1421
48.1598
48.2093
48.2326
48.2428
48.1851
48.1967
48.2118
48.2346
48.2433
48.1913
48.1983
48.1698
48.1895
48.2275
48.1917
48.1955
48.1697
48.1566
48.1921
48.2174
48.2162
48.1902
48.1771
48.1528
48.178
48.2069
46.5181
46.9768
46.8655
47.6161
48.1086
47.8743
47.8657
47.6875
47.7294
47.9551
48.1677
48.1375
48.0044
48.0048
47.8649
48.0161
48.0889
48.0083
48.0102
48.0128
48.0541
48.1151
48.2088
48.202
48.1095
48.1328
48.1244
48.2013
48.2096
48.1363
48.1378
48.0417
48.1098
48.1581
48.1088
48.1192
48.0315
48.0535
48.0975
48.1518
48.163
48.0862
48.1046
48.0456
48.0948
48.1419
48.0729
48.0802
48.0358
48.0525
48.0956
48.0393
48.0491
48
48.0154
48.0559
48.0846
48.0984
48.0467
48.0514
48.0193
48.0474
48.083
48.0452
48.0552
48.023
48.0236
50.2914
49.812
49.5099
48.6484
48.6279
48.9046
48.9673
48.951
48.618
48.5366
48.5199
48.5869
48.5882
48.4473
48.404
48.2535
48.3168
48.4274
48.3367
48.3244
48.2446
48.2966
48.3834
48.3101
48.2698
48.18
48.1574
48.2306
48.1749
48.1657
48.115
48.1035
48.1617
48.2243
48.2143
48.1651
48.1701
48.2122
48.2649
48.248
48.196
48.1994
48.1887
48.2355
48.2172
48.1796
48.1984
48.1475
48.1903
48.2164
48.18
48.1965
48.147
48.1867
48.2164
48.2142
48.2268
48.1704
48.1708
48.2025
48.1555
48.1664
48.1169
48.1283
48.1609
48.1839
48.1917
48.1564
49.0453
49.6686
49.6176
49.4253
48.6813
48.6244
48.2393
48.4073
48.6123
48.2761
48.2886
48.1488
48.1385
48.2899
48.3529
48.3648
48.2698
48.277
48.2002
48.257
48.3533
48.2641
48.2328
48.1448
48.1081
48.1918
48.1316
48.11
48.0575
48.0307
48.1035
48.1719
48.1716
48.1251
48.1098
48.0695
48.1293
48.168
48.1284
48.1105
48.0573
48.0599
48.0974
48.1463
48.1283
48.0883
48.1014
48.0607
48.1062
48.1291
48.0992
48.1033
48.0647
48.1045
48.1267
48.1311
48.1435
48.1034
48.1169
48.1354
48.1703
48.1691
48.1261
48.1392
48.0982
48.1314
48.1622
46.0247
47.4424
46.6263
47.0836
47.7146
47.6648
47.8239
47.4915
47.6138
47.8654
48.0541
48.108
48.0915
48.1354
48.0157
48.1315
48.2584
48.1132
48.1306
48.0066
48.0294
48.129
48.1767
48.1833
48.089
48.0872
48.0318
48.0743
48.1505
48.0925
48.102
48.0609
48.0556
48.1209
48.174
48.1623
48.1049
48.0796
48.0362
48.0868
48.1293
48.0762
48.0578
48.0254
48.0363
48.0769
48.0495
48.0463
48.0166
48.0197
48.0546
48.097
48.0825
48.0458
48.049
48.0047
48.0439
48.0644
48.0337
48.048
48.0123
48.028
48.0475
48.0825
48.0943
48.0571
48.069
49.1653
49.7116
49.329
48.2935
48.3456
47.7819
48.1402
48.409
48.1184
48.193
47.975
48.0535
48.2221
48.314
48.3471
48.1885
48.2075
48.0871
48.1614
48.2662
48.1309
48.1397
48.0517
48.0455
48.1348
48.0411
48.0739
48.0237
48.0264
48.1017
48.1404
48.1508
48.0878
48.0801
48.0375
48.0695
48.1284
48.0641
48.0649
48.0284
48.0127
48.067
48.1087
48.1231
48.0902
48.0754
48.0439
48.079
48.1218
48.1229
48.1078
48.0686
48.0623
48.1035
48.143
48.1387
48.1119
48.1071
48.1202
48.1562
48.1531
48.1278
48.119
48.0886
48.1214
48.1422
48.1088
47.3246
46.8204
47.4443
47.9828
48.4463
48.3574
48.1125
48.1634
47.915
48.1519
48.259
48.0926
48.1016
48.0928
48.1045
48.1855
48.3079
48.2965
48.1654
48.1922
48.2422
48.3355
48.3518
48.2681
48.2947
48.2794
48.3532
48.4115
48.3112
48.3068
48.1965
48.1959
48.2502
48.3001
48.3174
48.2272
48.2339
48.184
48.2315
48.283
48.2172
48.2338
48.1898
48.193
48.2384
48.1675
48.1675
48.1131
48.1207
48.1627
48.1834
48.1878
48.1412
48.1521
48.1658
48.1869
48.224
48.1918
48.197
48.1715
48.1571
48.1909
48.2153
48.2142
48.1907
48.1758
48.1421
49.6574
49.9283
48.8152
48.4977
48.1989
48.4617
48.7096
48.4467
48.3247
48.084
48.0716
48.2583
48.4119
48.3366
48.1736
48.1369
48.0447
48.1691
48.2293
48.1394
48.1268
48.1707
48.215
48.2611
48.3409
48.3189
48.2467
48.2719
48.304
48.3689
48.344
48.2696
48.2882
48.1914
48.2512
48.2923
48.2253
48.242
48.1626
48.1799
48.2219
48.269
48.2826
48.2207
48.2225
48.1643
48.2063
48.2489
48.183
48.1892
48.1531
48.1676
48.2072
48.149
48.1553
48.1137
48.1214
48.1588
48.1786
48.1871
48.1463
48.1462
48.1241
48.1412
48.1742
48.1481
48.1517
46.8445
46.9925
48.078
48.5364
48.3962
48.1316
48.0987
47.9003
48.1426
48.3124
48.1002
48.0762
47.9599
48.1139
48.2259
48.1281
48.0814
47.9843
47.9983
48.087
48.1914
48.1774
48.1017
48.1026
48.0141
48.1018
48.1466
48.0876
48.1088
48.1171
48.142
48.1812
48.2437
48.2359
48.1708
48.186
48.2149
48.2693
48.2683
48.2102
48.2168
48.1426
48.1927
48.2266
48.1918
48.2072
48.1387
48.1393
48.1717
48.2142
48.2269
48.1323
48.1462
48.0954
48.1351
48.1728
48.1166
48.1179
48.0707
48.0838
48.1201
48.0815
48.0844
48.0396
48.0484
48.0823
48.1061
48.8571
48.4526
48.4611
47.8633
48.2435
48.578
48.0618
48.11
47.9326
47.9956
48.2036
48.2951
48.3076
48.1435
48.1625
48.2114
48.277
48.3885
48.2727
48.2787
48.1739
48.1292
48.223
48.1952
48.2044
48.1421
48.1096
48.1872
48.2416
48.2576
48.277
48.2539
48.2038
48.2511
48.3044
48.2565
48.2266
48.2252
48.2178
48.2631
48.3125
48.2986
48.2539
48.2511
48.2115
48.2567
48.2797
48.2452
48.2407
48.1962
48.2105
48.23
48.1899
48.1845
48.1419
48.1577
48.1762
48.2122
48.2128
48.1687
48.1804
48.1368
48.1708
48.2019
48.1598
48.1709
48.1313
48.2017
49.1819
49.3711
49.1791
48.3558
48.3679
48.3567
48.5215
48.7178
48.4046
48.4475
48.2925
48.3994
48.5336
48.4916
48.514
48.3654
48.3423
48.4423
48.4809
48.4764
48.3676
48.3374
48.241
48.2809
48.3579
48.2924
48.2932
48.2297
48.2081
48.2751
48.3374
48.3255
48.2739
48.2445
48.2594
48.3131
48.2959
48.2346
48.2097
48.1717
48.22
48.256
48.2197
48.2129
48.227
48.2302
48.2624
48.3029
48.2829
48.2412
48.2514
48.2076
48.2453
48.2646
48.2225
48.2204
48.1832
48.1961
48.2135
48.187
48.1949
48.1606
48.1731
48.1904
48.2222
48.2283
45.9667
47.4406
47.3391
48.0675
48.4714
47.9634
48.0967
47.7468
47.8692
48.0927
48.2605
48.3103
48.1108
48.1572
48.1435
48.2609
48.2867
48.1072
48.1324
48.0154
48.1101
48.2088
48.0956
48.1039
48.016
48.0363
48.1194
48.1626
48.19
48.1283
48.1238
48.0551
48.0878
48.1523
48.1026
48.1054
48.0684
48.0492
48.1059
48.0984
48.0911
48.0569
48.0434
48.0709
48.1183
48.1243
48.0912
48.0748
48.0356
48.042
48.0791
48.0505
48.0471
48.0169
48.0529
48.0864
48.1243
48.1093
48.0846
48.0935
48.0648
48.1009
48.1203
48.0906
48.0912
48.0542
48.064
49.2595
48.64
48.6337
47.8396
47.9736
48.181
48.4809
48.5256
48.1701
48.239
48.2375
48.4079
48.4367
48.1843
48.1923
48.0372
48.1601
48.2779
48.1384
48.1772
48.0659
48.1509
48.2419
48.108
48.1258
48.0644
48.0788
48.1575
48.0679
48.0746
48.0069
48.0107
48.0797
48.0476
48.0736
48.0357
48.0372
48.0954
48.1264
48.1309
48.0837
48.0825
48.1032
48.1315
48.1479
48.1017
48.0897
48.0601
48.0872
48.1314
48.1009
48.0932
48.0672
48.0934
48.1333
48.1052
48.0923
48.0676
48.0924
48.1288
48.1034
48.0909
48.063
48.0634
48.0976
48.1194
48.1088
48.088
47.6805
48.9738
49.409
49.0099
48.4107
48.357
48.081
48.3529
48.4808
48.2617
48.1982
48.0657
48.1276
48.2331
48.3698
48.3436
48.2187
48.2254
48.2145
48.316
48.2742
48.1793
48.1802
48.0719
48.1607
48.2079
48.1353
48.1376
48.0785
48.0997
48.1425
48.2083
48.1941
48.1523
48.1586
48.0793
48.1384
48.1713
48.1157
48.1198
48.0673
48.0735
48.105
48.1034
48.1189
48.0749
48.0948
48.12
48.1641
48.1703
48.1307
48.1468
48.1001
48.14
48.1676
48.1296
48.142
48.0911
48.1046
48.1258
48.1616
48.1746
48.1338
48.1461
48.1658
48.1975
48.1977
45.6733
47.322
46.6154
47.5339
47.9986
47.7257
47.8169
47.4725
47.6274
47.8424
48.064
48.13
47.9175
47.9884
47.8269
47.979
48.113
47.9664
48.0136
47.8709
47.9203
48.0196
48.1094
48.1124
47.9818
48.0167
48.0193
48.0888
48.1177
48.0347
48.0453
47.9739
48.0313
48.0977
48.0266
48.0394
47.9978
48.0025
48.0607
48.0899
48.0995
48.0643
48.0642
48.0348
48.0616
48.1099
48.0776
48.0706
48.0409
48.0274
48.0716
48.0414
48.0282
48.002
47.9952
48.0359
48.0753
48.071
48.0414
48.037
48.0163
48.0529
48.072
48.0505
48.0565
48.0273
48.0373
49.1602
49.7135
49.1092
48.3166
48.4585
48.5923
48.8316
48.7813
48.6759
48.711
48.6036
48.7443
48.7505
48.4832
48.5065
48.3111
48.4275
48.5289
48.3466
48.3573
48.2601
48.3404
48.4231
48.2766
48.2943
48.2263
48.2405
48.3139
48.2215
48.2373
48.1829
48.1705
48.2345
48.1596
48.1621
48.1035
48.1133
48.17
48.1991
48.2017
48.1637
48.1627
48.2121
48.2379
48.2521
48.2081
48.1933
48.1604
48.1854
48.1885
48.1468
48.1332
48.1062
48.1317
48.1708
48.1421
48.1293
48.1044
48.1294
48.1653
48.1402
48.1288
48.0973
48.1007
48.134
48.1075
48.0945
48.0627
47.8935
49.0885
49.478
48.9622
48.8966
48.8142
48.4988
48.7202
48.7898
48.5597
48.4711
48.3145
48.343
48.4252
48.277
48.2236
48.1094
48.1235
48.2001
48.3047
48.2864
48.2092
48.221
48.1295
48.2143
48.2533
48.1805
48.2104
48.1347
48.1403
48.1753
48.2409
48.2531
48.1714
48.1867
48.1771
48.2343
48.25
48.1811
48.1982
48.1215
48.1728
48.2218
48.1725
48.1886
48.1165
48.126
48.1703
48.2044
48.2133
48.1626
48.1728
48.1315
48.1638
48.2024
48.1577
48.1673
48.1291
48.1321
48.1681
48.1276
48.1427
48.114
48.1122
48.1445
48.1615
48.1728
46.536
47.3448
47.1031
47.6571
48.1828
47.8948
47.9134
47.7615
47.723
47.9794
48.1582
48.191
48.0307
47.9704
48.0299
48.1471
48.1428
48.0519
48.0199
47.9496
48.0415
48.1325
48.0668
48.0374
47.9806
48.0033
48.0788
48.1562
48.1258
48.0616
48.0775
48.021
48.0889
48.123
48.0792
48.0999
48.0422
48.0599
48.0896
48.0441
48.0481
48.0054
48.0215
48.0487
48.0982
48.111
48.1087
48.1242
48.0702
48.1145
48.1552
48.1137
48.1212
48.061
48.0714
48.1095
48.1399
48.1477
48.0915
48.099
48.1034
48.1302
48.1376
48.0973
48.1098
48.0848
48.1087
50.286
47.9571
48.091
47.5911
47.7389
48.1608
48.3135
48.3131
48.1209
48.1104
47.9291
48.0375
48.2123
48.1036
48.0933
48.0062
47.9618
48.0906
48.0115
47.9976
48.0398
48.0176
48.1171
48.2058
48.1811
48.1173
48.1136
48.0595
48.1351
48.1805
48.1193
48.0995
48.0462
48.0707
48.1144
48.1738
48.1506
48.1016
48.117
48.1182
48.171
48.1657
48.1286
48.1461
48.0813
48.1275
48.151
48.1079
48.123
48.0819
48.0945
48.1163
48.1572
48.1685
48.1234
48.1384
48.0916
48.1294
48.1654
48.1197
48.1207
48.0687
48.0821
48.1158
48.0742
48.086
48.0489
48.7089
49.4609
49.5923
49.3601
48.6053
48.6459
48.2981
48.4823
48.6818
48.3689
48.3699
48.1691
48.204
48.3504
48.41
48.4169
48.2668
48.2725
48.1854
48.2376
48.3356
48.248
48.2492
48.1811
48.1605
48.2424
48.1763
48.1771
48.1245
48.1003
48.171
48.2224
48.2192
48.1732
48.1549
48.1762
48.2239
48.2738
48.231
48.2082
48.1651
48.1571
48.2025
48.2494
48.2321
48.191
48.1953
48.2078
48.2494
48.2318
48.1924
48.188
48.1565
48.1958
48.2161
48.18
48.1716
48.1418
48.1435
48.1621
48.197
48.1983
48.168
48.1805
48.1355
48.1681
48.1889
46.2081
47.3705
46.7871
47.1746
47.6541
47.7032
47.8546
47.5165
47.6155
47.8205
48.0439
48.1109
47.9196
47.9915
47.8254
47.9802
48.1133
47.9477
47.9978
47.8631
47.8903
47.999
48.0562
48.0764
47.9692
47.9945
47.944
47.997
48.0758
48.005
48.0288
47.9842
47.9814
48.049
47.9872
47.9955
47.9409
47.9283
47.9888
48.0238
48.03
47.9976
47.9875
47.9557
47.9902
48.04
48.0101
47.9925
47.9651
47.9584
48.0039
48.0473
48.0339
48.0024
47.9968
47.9729
48.0132
48.0073
47.9842
47.9822
47.9613
47.9985
48.0195
48.0257
48.0312
48.0056
48.016
49.2355
49.743
49.1286
48.3015
48.4541
48.5832
48.8274
48.7947
48.4473
48.4999
48.2232
48.3943
48.4325
48.2123
48.2546
48.0615
48.191
48.3058
48.1275
48.1484
48.0378
48.0786
48.1745
48.0666
48.0968
48.0095
48.0406
48.1206
48.0365
48.0584
47.9859
47.9998
48.0679
48.1019
48.1039
48.0421
48.0489
48.1072
48.1366
48.156
48.1761
48.1719
48.1369
48.1624
48.1784
48.1464
48.1383
48.0979
48.1226
48.1653
48.1212
48.1067
48.1211
48.1502
48.189
48.161
48.1472
48.1207
48.1199
48.1546
48.1295
48.116
48.0917
48.0977
48.1285
48.1602
48.1455
48.1191
48.0777
49.0087
49.4325
49.0332
48.5564
48.4869
48.1766
48.4404
48.5302
48.3332
48.2968
48.1189
48.1767
48.2573
48.391
48.351
48.2113
48.2473
48.2034
48.3079
48.3802
48.2701
48.3162
48.2061
48.2866
48.3425
48.2436
48.266
48.1578
48.1591
48.2124
48.2772
48.2902
48.2143
48.2212
48.1479
48.2072
48.2615
48.1951
48.212
48.1461
48.1606
48.21
48.1516
48.1636
48.1022
48.1089
48.1539
48.1817
48.1954
48.1397
48.148
48.1157
48.143
48.182
48.1787
48.1837
48.1564
48.1606
48.1946
48.2112
48.2116
48.1771
48.1764
48.153
48.1704
48.2017
45.9254
46.9781
46.8473
47.4698
48.0321
47.7639
47.8787
47.7191
47.6789
47.9372
48.1081
48.0936
47.927
47.9304
47.8426
47.9655
48.095
47.9743
47.9334
47.8678
47.8711
47.9808
48.0808
48.0761
48.1096
48.0954
48.1106
48.1882
48.1756
48.1228
48.1109
48.0495
48.116
48.149
48.093
48.0811
48.0902
48.1121
48.1416
48.1956
48.2054
48.1618
48.1697
48.1065
48.1551
48.192
48.1991
48.213
48.1477
48.1481
48.1857
48.1315
48.1411
48.0843
48.1022
48.1411
48.1701
48.1814
48.1306
48.1431
48.1188
48.1427
48.1767
48.1385
48.1434
48.1128
48.1021
50.2658
49.79
49.3394
48.6674
48.4721
48.547
48.6784
48.6395
48.4278
48.3735
48.2116
48.3216
48.4732
48.3342
48.2754
48.1269
48.0952
48.2122
48.321
48.2945
48.2159
48.2016
48.1268
48.2166
48.2537
48.1839
48.2
48.1324
48.1516
48.19
48.1195
48.1111
48.0429
48.0685
48.1033
48.1632
48.152
48.1578
48.1791
48.1138
48.1667
48.2026
48.1648
48.1724
48.1668
48.1704
48.202
48.2451
48.2561
48.2049
48.2056
48.1933
48.2328
48.2709
48.2238
48.2361
48.1867
48.2234
48.2582
48.2166
48.2235
48.1728
48.1774
48.2102
48.2329
48.2405
48.1917
48.4421
47.5309
48.2781
48.7715
48.0237
48.1114
47.8599
47.932
48.194
48.0805
48.1057
48.1208
48.1536
48.306
48.3728
48.3807
48.236
48.239
48.1562
48.214
48.3128
48.2189
48.2235
48.1624
48.138
48.2204
48.2765
48.278
48.199
48.1811
48.1247
48.1775
48.2358
48.1829
48.1624
48.1186
48.1676
48.2143
48.1744
48.1668
48.125
48.1238
48.1638
48.2112
48.1916
48.1475
48.1468
48.0972
48.142
48.1637
48.126
48.1307
48.0888
48.1046
48.1239
48.1626
48.1747
48.1271
48.1308
48.1143
48.1494
48.1504
48.1
48.1119
48.0792
48.113
48.1449
45.0148
46.757
46.3616
47.0525
47.6989
47.9527
48.0271
47.9978
48.0436
47.8412
47.9619
48.1559
48.0032
48.0448
47.9542
47.9524
48.0901
48.1253
48.1334
48.1702
48.156
48.2521
48.3277
48.3039
48.2084
48.1645
48.0822
48.1533
48.2105
48.1634
48.1552
48.1076
48.1201
48.1739
48.2332
48.2113
48.1676
48.183
48.1925
48.244
48.2215
48.1662
48.1586
48.109
48.1271
48.1528
48.116
48.1111
48.0819
48.0987
48.1228
48.1645
48.168
48.1344
48.1486
48.0967
48.1345
48.1591
48.1217
48.1281
48.0822
48.0951
48.1173
48.1511
48.1617
48.1152
48.1265
49.5109
49.8959
49.5421
48.4724
48.4502
47.9976
48.3197
48.5617
48.1877
48.2582
48.0254
48.0829
48.2523
48.3605
48.3785
48.1613
48.206
48.2447
48.3293
48.4258
48.2613
48.2756
48.1704
48.2448
48.3265
48.2236
48.2473
48.181
48.2
48.2681
48.2966
48.2962
48.2382
48.2476
48.1894
48.2183
48.2742
48.2224
48.2123
48.1738
48.1551
48.2058
48.1988
48.1931
48.1657
48.1596
48.2046
48.2472
48.2362
48.2019
48.1835
48.1448
48.1851
48.2097
48.18
48.1705
48.144
48.1464
48.1695
48.2048
48.2011
48.175
48.1867
48.1486
48.1814
48.1998
48.1669
48.2995
46.7382
47.4827
47.9878
48.4449
48.471
47.9522
48.0689
48.0454
48.2698
48.3231
48.0882
48.1488
47.9722
48.1191
48.2516
48.1902
48.1902
48.0891
48.116
48.2193
48.2648
48.2749
48.197
48.2005
48.139
48.1798
48.2549
48.1958
48.1919
48.142
48.1768
48.2398
48.1696
48.1646
48.1316
48.1134
48.1704
48.2192
48.2143
48.1745
48.1683
48.1322
48.1729
48.2163
48.1809
48.1626
48.1253
48.12
48.1615
48.2025
48.1836
48.1468
48.1476
48.1608
48.1987
48.1941
48.16
48.154
48.1306
48.1658
48.1844
48.154
48.1455
48.153
48.1552
48.1737
50.2641
48.8223
48.0855
48.2778
47.8127
48.2208
48.3666
48.1101
48.2027
48.2013
48.2767
48.3698
48.5166
48.5313
48.3471
48.3438
48.2852
48.3966
48.4073
48.2746
48.3059
48.1523
48.245
48.3178
48.2173
48.2412
48.1254
48.1512
48.2126
48.2753
48.272
48.2402
48.25
48.1842
48.2419
48.2981
48.2777
48.2834
48.2192
48.2331
48.2819
48.2511
48.2601
48.216
48.2256
48.2689
48.2893
48.2903
48.2428
48.25
48.2177
48.2388
48.2773
48.2812
48.2773
48.2485
48.2308
48.2663
48.2948
48.2975
48.2696
48.2543
48.2168
48.2447
48.2709
48.2456
48.2397
46.6625
48.3578
48.8545
48.2212
48.1365
47.8061
47.8369
48.0946
48.3385
48.2947
48.1388
48.1468
47.9541
48.1177
48.1873
48.0836
48.1341
48.0165
48.034
48.0942
48.1979
48.2033
48.0929
48.1278
48.0217
48.1086
48.1876
48.09
48.1053
47.9976
48.0152
48.0833
48.0634
48.0877
48.0025
48.0218
48.0788
48.1278
48.1383
48.0752
48.0979
48.1118
48.1564
48.204
48.1319
48.1402
48.0896
48.1037
48.1481
48.1714
48.1713
48.1196
48.1296
48.1023
48.1245
48.1625
48.1194
48.1331
48.1069
48.1271
48.1622
48.1176
48.1211
48.0976
48.0901
48.1227
48.1415
48.2683
47.4413
47.5238
47.3002
47.7001
48.1315
47.9171
47.9134
47.7775
47.7328
47.9655
48.1585
48.1611
48.0254
47.9726
48.0069
48.1305
48.1425
48.0631
48.0301
47.9413
48.0394
48.1182
48.0551
48.0314
48.0518
48.0686
48.1396
48.2133
48.1971
48.1228
48.1171
48.0716
48.1368
48.1692
48.1257
48.1262
48.0804
48.0965
48.1247
48.1766
48.1705
48.1249
48.1447
48.1294
48.1758
48.1693
48.1225
48.1416
48.1355
48.1778
48.2125
48.1633
48.1762
48.1308
48.1326
48.1651
48.1957
48.2069
48.1634
48.1745
48.1358
48.1644
48.1969
48.1449
48.1491
48.1255
48.248
49.2663
48.8142
48.8371
48.2693
48.2201
48.5042
48.5947
48.5972
48.3941
48.3724
48.2218
48.2991
48.4423
48.3169
48.2938
48.1957
48.1611
48.2732
48.372
48.34
48.2464
48.199
48.1194
48.2022
48.2596
48.197
48.1642
48.0971
48.1675
48.2176
48.1726
48.1686
48.1238
48.1286
48.1743
48.2315
48.2225
48.1769
48.1774
48.1211
48.1725
48.1991
48.1588
48.156
48.1026
48.1153
48.1404
48.1847
48.1934
48.1596
48.1622
48.1829
48.2222
48.2485
48.2133
48.2142
48.2101
48.2228
48.2467
48.2149
48.2147
48.1661
48.1773
48.2002
48.2318
48.2411
45.3092
47.0793
46.6066
47.5174
48.0659
47.5656
47.7515
47.5007
47.6339
47.8958
48.0486
48.0952
47.9067
47.9755
48.1238
48.2257
48.2432
48.0799
48.1239
48.0154
48.102
48.2009
48.0906
48.116
48.049
48.0605
48.1414
48.1834
48.1913
48.1106
48.1169
48.0754
48.1138
48.1766
48.1067
48.1086
48.0602
48.0388
48.0964
48.0538
48.0683
48.0343
48.0138
48.065
48.108
48.1022
48.0554
48.0417
48.0129
48.0541
48.0917
48.0623
48.0467
48.0129
48.0247
48.058
48.0971
48.0845
48.0592
48.0602
48.0587
48.0946
48.0902
48.0613
48.0641
48.0322
48.0657
49.2534
47.9181
48.021
47.4874
47.7946
48.0379
48.3553
48.3724
48.0361
48.0564
48.1647
48.3406
48.3772
48.1372
48.1861
48.0537
48.1853
48.2999
48.1302
48.1575
48.0684
48.1575
48.2484
48.1108
48.1274
48.0426
48.1089
48.1863
48.0929
48.1039
48.0557
48.0545
48.1222
48.0534
48.0662
48.0253
48.0332
48.0925
48.1237
48.1325
48.1386
48.1272
48.1757
48.2011
48.2021
48.2175
48.2178
48.1855
48.2082
48.2115
48.1807
48.1735
48.1434
48.1672
48.2056
48.1771
48.1675
48.132
48.1511
48.1864
48.1547
48.1456
48.121
48.1151
48.1486
48.1246
48.1153
48.0935
47.6447
48.968
49.4025
49.1105
48.5671
48.3468
47.9987
48.2732
48.4489
48.2619
48.1835
48.0285
48.0293
48.1714
48.0548
48.0459
48.0941
48.0903
48.2025
48.3066
48.2913
48.1846
48.158
48.0991
48.1866
48.2409
48.1797
48.1514
48.0816
48.0885
48.1412
48.2083
48.199
48.1517
48.1671
48.0968
48.1548
48.183
48.1342
48.1546
48.0971
48.1041
48.1339
48.1824
48.1907
48.1215
48.1391
48.1711
48.2143
48.2271
48.1757
48.1897
48.1366
48.1762
48.2145
48.1679
48.177
48.1316
48.1351
48.1703
48.1865
48.1921
48.1614
48.1662
48.1439
48.1607
48.1923
46.3862
47.388
47.1444
47.6493
48.1769
47.8802
47.8793
47.6936
47.8427
48.0877
48.2768
48.2286
48.1094
48.0925
47.9972
48.1373
48.2233
48.1272
48.098
48.0262
48.0585
48.1203
48.1148
48.0838
48.0037
48.0165
47.9985
48.08
48.0795
48.0311
48.0603
47.9659
48.0361
48.0808
48.0233
48.0511
48.0537
48.0757
48.1092
48.1634
48.1813
48.1724
48.1895
48.118
48.1661
48.2102
48.1673
48.1815
48.1184
48.1252
48.1626
48.2003
48.2125
48.1561
48.1603
48.1548
48.192
48.2006
48.1575
48.1634
48.1199
48.1553
48.1891
48.1495
48.1601
48.1175
48.1267
50.2866
49.9405
49.591
48.4995
48.4819
48.0738
48.317
48.5631
48.251
48.2947
48.08
48.1304
48.2961
48.11
48.1485
47.9943
48.0452
48.1695
48.2313
48.2618
48.1373
48.1506
48.0551
48.1084
48.1961
48.111
48.1241
48.0694
48.0667
48.1403
48.1102
48.1154
48.0696
48.0663
48.0932
48.1292
48.1361
48.098
48.0814
48.0458
48.0827
48.1351
48.1018
48.0814
48.045
48.0416
48.0862
48.1313
48.1136
48.0865
48.0968
48.0615
48.1033
48.1227
48.0922
48.0937
48.0554
48.0715
48.0896
48.0592
48.0715
48.0295
48.035
48.0549
48.0891
48.1012
48.0646
48.8633
47.134
48.1832
48.6965
47.9022
47.9961
47.7248
47.863
48.1286
48.2308
48.265
48.1021
48.1244
48.1806
48.2506
48.2791
48.1777
48.1849
48.0957
48.1471
48.2476
48.1413
48.1349
48.0772
48.0447
48.1298
48.2083
48.1799
48.139
48.1384
48.0907
48.1593
48.1928
48.1463
48.1316
48.0788
48.0823
48.1172
48.1147
48.1154
48.0743
48.0795
48.1141
48.1632
48.1546
48.1221
48.1292
48.0906
48.1354
48.1613
48.1747
48.1759
48.1314
48.1356
48.157
48.1949
48.1998
48.1634
48.1685
48.1614
48.1964
48.2014
48.1762
48.1809
48.1403
48.1729
48.1924
46.3253
47.2512
46.5554
47.1464
47.579
48.0291
48.1316
47.7719
47.8981
47.6827
47.9197
48.1064
47.9087
47.9782
47.826
47.8551
47.9854
48.1035
48.141
47.9877
48.011
48.0325
48.1264
48.1484
48.0262
48.0601
47.9866
48.0689
48.1452
48.0635
48.0842
48.0002
48.0179
48.0843
48.1194
48.1208
48.0442
48.0705
48.0224
48.0509
48.1055
48.0573
48.0731
48.0421
48.0668
48.1152
48.0781
48.0773
48.0823
48.0613
48.1044
48.1422
48.1326
48.1073
48.0905
48.0562
48.0953
48.1212
48.0962
48.0873
48.1028
48.1164
48.1387
48.1716
48.1605
48.1342
48.145
49.2148
49.7488
49.1835
48.3991
48.5033
47.9051
48.2452
48.4344
48.1984
48.2684
47.9604
48.0052
48.1641
48.2854
48.3215
48.1123
48.1416
48.0493
48.143
48.2477
48.0869
48.1181
48.0563
48.0739
48.1627
48.2038
48.2139
48.1561
48.1371
48.1443
48.1842
48.2501
48.2014
48.1765
48.1332
48.1743
48.2315
48.1874
48.1748
48.1507
48.1483
48.199
48.2468
48.2361
48.1844
48.1631
48.131
48.1713
48.2092
48.1736
48.16
48.1211
48.1168
48.1581
48.1556
48.1528
48.1255
48.1275
48.1641
48.199
48.1883
48.1531
48.1428
48.1187
48.1516
48.1758
48.1422
47.2463
46.8
47.3491
48.0198
48.4748
48.3976
48.1198
48.1386
48.2007
48.4089
48.3524
48.1698
48.1401
48.0198
48.165
48.2534
48.1151
48.0731
47.9992
48.0348
48.1212
48.2199
48.2132
48.1453
48.1432
48.0665
48.1469
48.1887
48.1203
48.1315
48.0655
48.0685
48.1119
48.1747
48.1549
48.1111
48.1226
48.0747
48.1316
48.1609
48.1089
48.1267
48.0678
48.1177
48.1467
48.1111
48.1183
48.0494
48.0644
48.0959
48.1383
48.1395
48.0909
48.1054
48.0696
48.1076
48.1453
48.0939
48.1014
48.0613
48.0729
48.1081
48.1259
48.1304
48.1276
48.1238
48.1253
49.1622
49.727
48.6278
48.5561
48.1883
48.3659
48.6387
48.3762
48.3434
48.1736
48.0653
48.2477
48.3961
48.3326
48.1733
48.1166
48.0276
48.1528
48.2287
48.1484
48.1375
48.0677
48.0814
48.139
48.1335
48.1117
48.0399
48.0484
48.0326
48.1069
48.0986
48.0364
48.0494
47.9781
48.0438
48.0897
48.0497
48.0709
47.9962
48.0214
48.0634
48.1155
48.1164
48.047
48.0665
48.0082
48.0558
48.1016
48.04
48.0566
48.0039
48.0204
48.0633
48.0248
48.0408
47.9999
48.0062
48.0411
48.0731
48.0808
48.0324
48.0414
48.006
48.0385
48.0729
48.0354
48.0484
46.0018
47.5303
48.448
48.6936
48.7202
48.1672
48.2163
48.2187
48.3598
48.3459
48.0552
48.0822
47.9248
47.9374
48.0939
47.9402
47.9723
47.8991
47.9273
48.0454
48.1064
48.1329
48.0332
48.0347
47.9852
48.0358
48.1174
48.0257
48.0311
47.972
47.9572
48.0299
48.0797
48.102
48.0588
48.049
48.0736
48.1106
48.1206
48.139
48.1177
48.0813
48.1178
48.1671
48.1284
48.1111
48.064
48.0732
48.1155
48.158
48.1411
48.1111
48.1181
48.0882
48.1276
48.1473
48.112
48.11
48.0731
48.0892
48.1065
48.0715
48.0715
48.0413
48.0514
48.0391
48.0725
50.0295
48.0559
48.3392
47.4867
48.0437
48.4107
47.9431
47.9899
47.7358
47.8306
48.0498
48.1786
48.2145
48.0368
48.0821
47.9893
48.0812
48.2043
48.0819
48.1124
48.0137
47.9948
48.093
48.1475
48.1564
48.1006
48.0725
48.0802
48.1287
48.1323
48.0835
48.0703
48.0312
48.0795
48.1402
48.0986
48.0818
48.0421
48.085
48.1387
48.1902
48.1727
48.1354
48.1241
48.0832
48.131
48.1581
48.12
48.1117
48.0813
48.0966
48.1254
48.0964
48.0841
48.0447
48.047
48.0767
48.1147
48.1112
48.0769
48.0798
48.0481
48.0829
48.1023
48.0761
48.0841
48.0962
48.9196
49.1725
49.5391
49.2022
48.5688
48.5276
48.3774
48.611
48.5116
48.2666
48.3243
48.2485
48.4037
48.4118
48.2593
48.2998
48.1463
48.1896
48.2501
48.3512
48.3508
48.2226
48.2544
48.1241
48.2096
48.2783
48.1749
48.1937
48.1098
48.1293
48.1872
48.122
48.1245
48.0536
48.0768
48.1253
48.1837
48.1975
48.1317
48.1357
48.0671
48.1204
48.1701
48.1008
48.1187
48.069
48.0792
48.1245
48.1561
48.1645
48.1046
48.1117
48.127
48.1587
48.1693
48.1543
48.161
48.1284
48.1606
48.1962
48.1552
48.1638
48.1238
48.1295
48.1626
48.1799
48.1828
45.698
47.3251
47.1087
47.6575
48.1754
47.6962
47.8361
47.6969
47.6958
47.955
47.7601
47.8171
47.6934
47.7237
47.8913
47.9804
47.9969
47.9225
47.9542
47.8831
47.9553
48.0602
47.956
47.9686
47.9234
47.9139
48.0017
48.0637
48.0722
48.0058
47.9809
47.9203
47.9709
48.0388
47.999
47.986
47.9482
47.9873
48.0466
48.0102
48.0071
47.975
47.9681
48.0207
48.0698
48.0478
48.0026
47.9997
47.9706
48.0169
48.0409
48.0098
48.0078
47.9685
47.9847
48.0075
48.0474
48.0552
48.0197
48.0251
48.0093
48.0456
48.0444
48.0053
48.0212
47.9764
48.0109
50.1631
47.7422
47.9262
47.3581
47.6552
48.094
47.384
47.492
47.2534
47.3471
47.6118
47.741
47.8031
47.6915
47.744
47.8192
47.8982
47.9543
47.8622
47.868
47.8145
47.88
47.9848
47.9293
47.9163
47.8426
47.8999
47.985
47.9367
47.9142
47.8587
47.8737
47.9388
47.8989
47.8833
47.8395
47.8637
47.9142
47.9161
47.902
47.866
47.874
47.9153
47.9687
47.9524
47.9136
47.9264
47.9328
47.9808
47.9817
47.9471
47.9577
47.9622
48.0053
48.0322
48.0007
48.0049
47.9543
47.9933
48.0169
47.9829
47.9981
47.9558
47.9708
47.9944
48.008
48.0214
48.013
48.9203
49.251
49.5982
49.4153
48.5334
48.472
47.995
48.2771
48.4961
48.1522
48.2181
48.0054
48.0756
48.2334
48.0748
48.1258
47.9513
47.9825
48.1036
48.1812
48.2043
48.0637
48.0773
47.9909
48.0618
48.147
48.0558
48.079
48.0078
48.0243
48.0976
48.1359
48.1523
48.0832
48.0938
48.1172
48.1496
48.1532
48.0869
48.0888
48.0529
48.0803
48.1316
48.0914
48.0914
48.1103
48.1065
48.151
48.1868
48.1787
48.1471
48.131
48.1005
48.137
48.1696
48.1386
48.127
48.1017
48.1026
48.1337
48.1319
48.1251
48.1011
48.1032
48.1284
48.1606
48.1482
46.1314
47.1727
46.704
47.5989
47.9241
47.6391
47.7295
47.4912
47.654
47.8143
48.0387
48.1042
47.9148
47.9813
47.7685
47.9241
48.0623
47.901
47.9239
47.8124
47.8638
47.9722
47.8493
47.8901
47.7882
47.8298
47.9209
47.9797
48.0039
47.9098
47.9257
47.866
47.9157
47.9852
47.9234
47.9502
47.9009
47.9002
47.9615
47.9975
48.0091
47.9752
47.9761
47.9987
48.0255
48.0297
47.9845
47.9777
47.951
47.9761
48.0213
47.9941
47.9992
47.9731
47.9606
48.002
48.039
48.0457
48.022
48.0096
47.9752
48.0076
48.0394
48.0473
48.0348
48.0053
48.0104
50.2272
50.2593
49.4884
48.6328
48.5199
48.7811
48.9987
48.88
48.6074
48.5489
48.5148
48.6598
48.5499
48.3609
48.3429
48.2165
48.3384
48.3932
48.2902
48.2806
48.1638
48.2604
48.3074
48.236
47.4915
47.4315
47.4626
47.5251
47.4733
47.5052
47.4395
47.4792
47.5321
47.6137
47.6517
47.5923
47.6267
47.671
47.7387
47.7706
47.7195
47.7337
47.7256
47.7838
47.806
47.7479
47.7568
47.7037
47.7564
47.8071
47.7648
47.7869
47.7452
47.7922
47.8375
47.7993
47.8089
47.7679
47.7807
47.8217
47.7784
47.7846
47.748
47.757
47.7958
47.8194
47.8359
47.8137
48.6227
49.4555
49.4055
49.1722
48.4753
48.4476
48.5125
48.613
48.5774
48.2845
48.2706
48.0876
48.1816
48.3315
48.2051
48.224
48.1309
48.1961
48.3064
48.2189
48.2106
48.14
48.1074
48.1971
48.1048
48.0852
48.0321
48.0069
48.0846
48.1571
48.1359
48.085
48.0802
48.1453
48.2054
48.186
48.1392
48.1362
48.0928
48.1464
48.1283
48.0863
48.0731
48.0309
48.0801
48.1033
48.0642
48.0644
48.033
48.078
48.1007
48.0597
48.0595
48.0239
48.0303
48.0518
48.0519
48.0682
48.0188
48.0236
48.0461
48.0819
48.084
48.0456
48.0579
48.0612
48.0905
48.1003
44.9014
46.742
46.6078
47.4195
47.9916
47.5865
47.6947
47.4651
47.528
47.8
47.922
47.9629
47.8572
47.8922
47.9622
48.0348
48.0634
47.9834
47.9725
47.8775
47.94
48.0469
47.9835
47.9689
47.9163
47.8962
47.9842
48.0649
48.0377
47.9891
47.99
47.9484
48.0187
48.0521
47.9976
47.9881
47.9446
47.9572
47.9903
48.0477
48.0543
48.0121
48.0338
48.0615
48.1102
48.0982
48.065
48.0825
48.0271
48.0718
48.0979
48.0582
48.074
48.0237
48.0315
48.0543
48.0934
48.1054
48.0664
48.07
48.0191
48.056
48.0874
48.0575
48.0696
48.0236
48.0313
50.0352
48.1564
48.3191
48.0728
48.1525
48.4617
48.6969
48.7228
48.336
48.3186
48.4631
48.6
48.6253
48.4243
48.4563
48.4259
48.524
48.5245
48.346
48.3505
48.2576
48.3418
48.4246
48.2814
48.2918
48.1937
48.2646
48.3362
48.2451
48.2607
48.1985
48.2059
48.2681
48.1842
48.1839
48.1171
48.1318
48.188
48.2169
48.2159
48.1535
48.1552
48.2048
48.2258
48.2314
48.1954
48.1848
48.153
48.179
48.1924
48.151
48.1295
48.1019
48.1336
48.1676
48.1268
48.108
48.079
48.1148
48.141
48.1149
48.1029
48.0793
48.0837
48.1038
48.1027
48.1032
48.076
48.9257
49.0378
49.4435
49.0785
48.3811
48.3934
47.9398
48.2331
48.438
48.1316
48.192
47.978
48.047
48.204
48.3019
48.3173
48.1308
48.1567
48.1893
48.2508
48.2595
48.1256
48.1506
48.0672
48.1127
48.1962
48.1187
48.1445
48.0938
48.0685
48.14
48.1924
48.1883
48.1426
48.1144
48.0729
48.1245
48.1699
48.1276
48.1072
48.06
48.077
48.1181
48.1155
48.1006
48.062
48.0616
48.1025
48.1473
48.1421
48.1081
48.1074
48.0729
48.1139
48.1353
48.0968
48.0873
48.0608
48.0756
48.0976
48.1331
48.1211
48.0899
48.1028
48.1009
48.1341
48.1532
46.3084
47.2831
46.8797
47.239
47.6548
47.4043
47.5932
47.7092
47.7698
47.9322
48.1459
48.1736
48
48.0688
47.9089
48.0548
48.1538
48.0299
48.049
47.8999
47.9478
48.0217
48.1225
48.161
48.0478
48.0615
48.0457
48.1257
48.1517
48.0738
48.0998
48.0083
48.0766
48.1397
48.0573
48.0631
47.9819
48.0012
48.0575
48.1047
48.1242
48.0511
48.0596
48.0227
48.0617
48.1102
48.0572
48.0666
48.0262
48.017
48.0604
48.0392
48.0466
48.021
48.0199
48.0605
48.0793
48.0827
48.0576
48.0537
48.0312
48.0518
48.0873
48.0999
48.0942
48.0611
48.0511
50.2807
50.2694
49.2771
48.602
48.4287
48.051
48.3673
48.4676
48.2604
48.2684
48.1132
48.1327
48.2119
48.067
48.0788
47.9333
47.9873
48.0551
48.1725
48.1907
48.0747
48.1147
47.9722
48.0685
48.1503
48.0717
48.1016
47.9875
48.0048
48.08
48.1311
48.1442
48.0523
48.0752
48.0877
48.1292
48.187
48.104
48.1232
48.0867
48.0923
48.1445
48.1194
48.1326
48.0988
48.0954
48.1405
48.165
48.1668
48.1323
48.1336
48.0924
48.1154
48.1556
48.1209
48.1258
48.0965
48.0931
48.1303
48.1541
48.1598
48.1353
48.1231
48.0885
48.1101
48.1432
48.1523
47.3938
47.025
47.1628
47.936
47.9929
47.9436
47.7589
47.7286
48.0132
48.2325
48.2505
48.1153
48.0564
47.9242
48.0619
48.1844
48.0812
48.0435
47.9302
47.935
48.0436
48.1432
48.1094
48.047
48.0336
47.9867
48.0724
48.0741
48.0247
48.0081
47.9497
48.0227
48.0693
48.0053
47.9831
47.9383
47.9483
47.9948
48.0538
48.0545
48.0151
48.0274
48.0378
48.089
48.1161
48.0752
48.078
48.0286
48.0326
48.0564
48.0997
48.1034
48.0528
48.0698
48.0655
48.1052
48.1414
48.0959
48.1098
48.0567
48.0632
48.099
48.0645
48.0747
48.0259
48.028
48.0614
49.6821
49.2949
48.0736
48.2364
47.8737
48.175
48.4767
48.1226
48.1473
47.9434
47.9822
48.1724
48.2524
48.2457
48.0902
48.068
47.9718
48.0426
48.1611
48.0846
48.0683
47.9942
48.0528
48.1458
48.0799
48.0557
48.0871
48.0669
48.1431
48.2132
48.1843
48.1132
48.0973
48.062
48.1257
48.1618
48.1206
48.1045
48.0657
48.0704
48.1044
48.1555
48.1427
48.0962
48.1131
48.1001
48.1456
48.1316
48.0934
48.112
48.067
48.1098
48.1342
48.0996
48.114
48.0623
48.0639
48.0872
48.1244
48.1372
48.0877
48.1008
48.0538
48.0889
48.1227
48.087
48.0992
45.3513
47.1155
48.1774
47.5622
47.6844
47.2341
47.4055
47.3035
47.568
47.8367
47.5814
47.6446
47.5184
47.5842
47.7642
47.6315
47.6946
47.6246
47.6534
47.785
47.8568
47.8853
47.8027
47.8193
47.7794
47.8348
47.924
47.8486
47.8526
47.8148
47.7982
47.876
47.9413
47.9573
47.9188
47.9011
47.9249
47.9813
47.9771
47.9406
47.9279
47.8795
47.9283
47.9747
47.9433
47.9306
47.9507
47.9656
48.0063
48.0512
48.0376
48.0057
48.0172
47.9833
48.0249
48.0463
48.0107
48.0075
47.9751
47.9813
48.0019
47.9725
47.9817
47.9539
47.9701
47.9906
48.0247
48.4577
47.2627
47.8228
47.1649
47.7897
47.9305
47.6009
47.7721
47.4404
47.7223
47.9523
47.7278
47.8092
47.6577
47.7371
47.8941
47.7385
47.7924
47.659
47.7053
47.8274
47.7927
47.8205
47.8192
47.8543
47.9467
47.9973
48.0035
47.9355
47.9694
48.0013
48.039
48.0443
47.9695
47.9813
47.9449
47.9817
48.0423
47.9983
48.0049
47.9715
48.0013
48.0534
48.007
48.0056
47.9783
47.9647
48.0132
47.9836
47.9818
47.9559
47.9437
47.988
48.0303
48.0279
47.993
47.9838
48.0234
48.061
48.0494
48.0159
48.0178
48.0313
48.0659
48.0565
48.0296
48.0255
47.9979
50.2901
49.7718
48.7075
48.4603
48.0237
48.0773
48.2439
48.4988
48.478
48.2926
48.3494
48.4294
48.5689
48.5106
48.3384
48.3714
48.2073
48.3227
48.3884
48.2738
48.2687
48.2217
48.2514
48.3077
48.3868
48.4064
48.2919
48.3113
48.2854
48.351
48.4129
48.3156
48.3322
48.2471
48.2556
48.311
48.2231
48.2231
48.1646
48.1819
48.2333
48.2613
48.2711
48.2052
48.209
48.2109
48.2383
48.2812
48.2319
48.2364
48.1946
48.1832
48.2221
48.2426
48.2472
48.2194
48.2192
48.2314
48.2515
48.2849
48.2487
48.2359
48.2109
48.2275
48.2586
48.2229
48.2108
46.6716
47.0327
48.1078
48.6518
48.5564
48.2395
48.1379
47.9505
48.2101
48.357
48.1947
48.1131
47.9733
47.9903
48.1004
48.2355
48.1725
48.0604
48.0718
48.0613
48.1675
48.217
48.1435
48.1574
48.0731
48.1582
48.2009
48.1296
48.1456
48.0669
48.0759
48.112
48.1768
48.1741
48.1622
48.1826
48.1138
48.171
48.2221
48.1529
48.1714
48.0979
48.108
48.1554
48.1931
48.2068
48.1391
48.1402
48.1381
48.1753
48.1765
48.0682
48.0853
48.0534
48.0651
48.1046
48.0592
48.0614
48.0194
48.0366
48.0723
48.0912
48.0959
48.0555
48.0617
48.0397
48.0588
50.2938
48.1283
48.2381
47.8407
47.8197
48.226
47.8307
47.9175
47.7887
47.7666
47.9948
48.1315
48.1432
48.0361
47.993
48.1345
48.2205
48.2527
48.1649
48.12
48.1515
48.2278
48.214
48.1272
48.1172
48.058
48.1296
48.1972
48.1366
48.1119
48.0414
48.1002
48.156
48.1102
48.0885
48.0431
48.0432
48.0907
48.1026
48.0997
48.0633
48.0765
48.1175
48.1668
48.1586
48.1123
48.1136
48.145
48.1883
48.1726
48.1362
48.1511
48.1391
48.1783
48.1699
48.1331
48.1477
48.1043
48.141
48.1676
48.133
48.137
48.0828
48.1172
48.1478
48.1136
48.1234
48.0768
48.63
49.4393
49.4948
49.3427
48.5998
48.6168
48.8463
48.9535
48.939
48.5571
48.5458
48.3833
48.4755
48.6019
48.3694
48.3814
48.2858
48.2567
48.3633
48.4062
48.4284
48.4507
48.4241
48.3505
48.3882
48.4614
48.3924
48.3711
48.2972
48.3291
48.3922
48.3279
48.3077
48.323
48.2985
48.3536
48.4056
48.3965
48.3498
48.3292
48.2833
48.3309
48.3565
48.3174
48.301
48.2586
48.2599
48.2856
48.3255
48.3073
48.3104
48.313
48.3135
48.3509
48.3482
48.3142
48.3175
48.2785
48.3124
48.3289
48.2938
48.2955
48.256
48.2569
48.2719
48.302
48.3019
45.7136
47.2844
46.7133
47.6085
48.0921
48.1766
48.2181
47.7988
47.8959
48.1047
48.0674
48.1314
47.9192
47.9373
48.0661
48.2048
48.2279
48.0818
48.1229
47.9958
48.1052
48.2045
48.0953
48.1204
48.0143
48.0296
48.1133
48.1602
48.1821
48.1595
48.1709
48.1169
48.1593
48.2219
48.1549
48.1705
48.1118
48.1508
48.2054
48.1444
48.1468
48.0967
48.102
48.1517
48.1757
48.176
48.1278
48.1182
48.0884
48.1116
48.1543
48.1241
48.1139
48.077
48.075
48.114
48.1515
48.1396
48.1134
48.1016
48.1095
48.1441
48.1341
48.1004
48.0997
48.0791
48.1119
49.5231
48.0516
47.8771
47.5499
47.6969
48.0033
48.3311
48.2964
48.0642
48.091
47.8257
48.0286
48.1412
48.0097
48.0718
47.9248
47.9799
48.0631
47.96
48.0102
47.8598
47.8923
47.9696
48.0658
48.0844
47.9661
47.9733
47.886
47.9688
48.045
47.9505
47.9772
47.9885
48.0149
48.079
48.1104
48.1114
48.0443
48.0586
48.0648
48.0911
48.1422
48.0825
48.0903
48.0573
48.084
48.1308
48.1361
48.1508
48.1099
48.1045
48.1463
48.1697
48.1727
48.1441
48.1338
48.0951
48.116
48.1523
48.1196
48.1146
48.0904
48.0851
48.1194
48.1481
48.1443
48.1212
47.4185
48.1356
48.7199
48.5699
48.1692
48.0266
47.7254
47.9699
48.2243
47.9973
47.9909
47.8739
47.8852
48.0567
48.2034
48.1567
48.027
48.0285
47.9445
48.0598
48.1328
48.0546
48.0218
48.0279
48.0348
48.1046
48.1855
48.1773
48.1248
48.1247
48.1829
48.2487
48.2396
48.1857
48.1803
48.1334
48.1912
48.2209
48.1684
48.1568
48.1056
48.1198
48.1485
48.1974
48.1988
48.1565
48.1727
48.1567
48.2001
48.2274
48.2269
48.2289
48.1684
48.1812
48.2046
48.2411
48.2395
48.1853
48.1987
48.1615
48.1963
48.23
48.1833
48.1903
48.1486
48.1808
48.2117
44.8002
46.5596
46.3644
46.9122
47.5779
47.851
47.9354
47.7163
47.829
47.6463
47.784
47.9921
47.8423
47.8906
47.8114
47.7721
47.9182
48.015
48.0301
47.9608
47.9238
47.8634
47.9449
48.0366
47.9827
47.9565
47.8963
47.9656
48.0398
47.9923
47.9809
47.9167
47.9114
47.9742
48.0404
48.0421
47.993
47.9873
47.9418
48.0001
48.0296
47.9828
47.9835
47.9363
47.9572
47.9847
48.0333
48.0352
47.993
48.0137
48.0112
48.0543
48.0532
48.0113
48.0205
47.9699
48.0103
48.0401
47.9986
48.0129
47.9754
47.9804
48.0098
48.0426
48.051
48.0156
48.029
45.6498
47.8697
48.6752
47.893
48.0155
47.6641
47.9861
48.2713
48.2008
48.271
48.0747
48.0897
48.2593
48.0649
48.0918
48.0008
48.0069
48.1313
48.1937
48.2003
48.1006
48.0807
48.1763
48.2232
48.2347
48.1739
48.1455
48.1464
48.1928
48.2
48.1523
48.1321
48.1561
48.2049
48.2619
48.2147
48.1897
48.1371
48.183
48.2291
48.1907
48.1756
48.1403
48.1377
48.1776
48.1389
48.1201
48.0812
48.0953
48.1292
48.1707
48.1544
48.1167
48.1198
48.1434
48.1818
48.1812
48.1547
48.1639
48.1486
48.1837
48.1844
48.1487
48.1505
48.1008
48.134
48.1604
48.1581
48.9712
46.9197
47.3394
48.0257
47.5172
47.7396
47.4342
47.6141
47.8968
48.099
48.1077
47.8318
47.89
47.9536
48.0806
48.2156
48.0265
48.0499
47.9318
47.9465
48.0582
48.1129
48.1462
48.0544
48.0595
48.0046
48.0494
48.1281
48.0517
48.0625
48.0156
47.997
48.0653
48.1219
48.1072
48.0629
48.0481
48.0699
48.1236
48.1132
48.0745
48.059
48.0255
48.0733
48.1089
48.0724
48.0702
48.0361
48.0377
48.0724
48.1159
48.1112
48.0796
48.0817
48.0387
48.0783
48.0985
48.0633
48.0685
48.0356
48.0465
48.0675
48.1023
48.1021
48.0641
48.0739
48.0699
50.2815
49.4751
49.0318
48.8374
48.0311
48.4059
48.6432
48.252
48.3206
48.0471
48.1248
48.2942
48.4194
48.4059
48.2202
48.2604
48.1167
48.2171
48.3244
48.1615
48.1695
48.0668
48.0786
48.1704
48.1232
48.1543
48.0928
48.0907
48.1647
48.2012
48.2281
48.1707
48.1818
48.1356
48.1677
48.2261
48.2121
48.2097
48.1597
48.1378
48.1903
48.2248
48.2314
48.195
48.1771
48.1433
48.1776
48.2217
48.1891
48.1716
48.1274
48.1241
48.1649
48.203
48.1836
48.1459
48.1483
48.1578
48.1932
48.1785
48.1452
48.1476
48.1232
48.1572
48.1755
48.152
48.1445
46.3759
47.3316
47.9915
48.5542
48.3583
48.0086
48.1503
47.7754
48.0517
48.1869
48.014
48.0906
47.892
47.9656
48.0682
48.2061
48.2127
48.0316
48.0744
48.1462
48.2468
48.2465
48.1049
48.1366
48.0209
48.1079
48.1883
48.0975
48.1239
48.0329
48.0447
48.1141
48.1558
48.1645
48.0964
48.1021
48.0433
48.0812
48.1378
48.0743
48.0828
48.0476
48.0449
48.0957
48.0742
48.0771
48.035
48.0283
47.9999
48.0245
48.0688
48.0799
48.0745
48.0379
48.0223
48.0628
48.0366
48.0339
48.0095
48.0049
48.0424
48.0751
48.0703
48.0367
48.027
48.0056
48.0364
49.8463
48.0942
47.8177
47.4156
47.5789
47.9283
47.6918
47.7155
47.5983
47.6677
47.8424
48.0466
48.0288
47.9026
47.9349
48.0269
48.1597
48.1593
48.0562
48.0674
47.9242
48.0317
48.0401
47.9667
48.0062
47.891
47.9796
48.0455
47.9723
47.9792
47.8743
47.9499
48.0116
47.9415
47.9685
47.8846
47.8934
47.954
47.9405
47.9629
47.8929
47.9089
47.9641
48.0034
48.02
47.9557
47.9603
47.9644
47.9957
48.0048
47.9632
47.97
47.9313
47.9573
47.9998
47.9637
47.9732
47.9426
47.9649
48.0035
48.01
48.0158
47.9851
47.975
48.0106
48.004
48.0097
47.9864
47.2279
48.7549
49.1123
48.8842
48.4443
48.2412
48.3396
48.5561
48.4869
48.2975
48.2038
48.0145
48.1807
48.2949
48.1708
48.1184
48.0133
48.1386
48.2159
48.1345
48.1212
48.0355
48.0492
48.1115
48.0545
48.0597
47.982
47.9883
48.0317
48.1067
48.1111
48.0524
48.0617
48.0964
48.1593
48.1645
48.1681
48.1878
48.1718
48.2248
48.2348
48.1798
48.1832
48.1094
48.1578
48.1976
48.1406
48.1554
48.097
48.1402
48.1823
48.1401
48.1538
48.0978
48.1076
48.1463
48.1027
48.1057
48.0555
48.0638
48.0999
48.1236
48.1243
48.0785
48.0906
48.1227
48.1434
48.1516
45.9233
47.317
47.0224
47.6612
48.1774
47.6739
47.7603
47.6171
47.6699
47.9269
47.6751
47.7351
47.6046
47.6375
47.8142
47.9208
47.9792
47.8976
47.9124
47.82
47.8866
47.9941
47.8971
47.9253
47.8721
47.9239
48.0109
48.0778
48.0765
48.0268
48.0023
47.9586
48.016
48.0803
48.0389
48.0188
47.9617
48.0075
48.066
48.027
48.0116
47.9627
47.9541
48.0074
48.0571
48.041
48.0024
48.0007
47.9778
48.024
48.0482
48.0196
48.0133
47.981
47.9971
48.019
48.0579
48.0501
48.0165
48.0212
47.9698
48.0071
48.0344
48.0024
48.0176
47.9786
47.9926
50.0797
47.8602
48.1676
47.368
47.5286
47.9808
48.2107
48.2698
47.9274
48.0079
48.211
48.3047
48.3264
48.1658
48.2246
48.2696
48.3281
48.3568
48.2234
48.2148
48.1129
48.159
48.2507
48.165
48.1447
48.0856
48.1258
48.2019
48.1234
48.0981
48.0662
48.0735
48.1383
48.0931
48.0758
48.0155
48.0107
48.062
48.1181
48.0989
48.0547
48.0585
48.0958
48.1447
48.1269
48.0883
48.1059
48.0582
48.1041
48.1086
48.0797
48.0839
48.027
48.0687
48.0943
48.0578
48.0628
48.014
48.0514
48.0753
48.0415
48.0548
48.0124
48.0256
48.0485
48.0482
48.0608
48.016
48.29
48.9342
49.3862
49.2298
48.406
48.3657
47.9059
48.2002
48.4311
48.1705
48.2343
47.9792
48.0447
48.2047
48.3144
48.3409
48.1442
48.1463
48.1394
48.2336
48.2519
48.1176
48.1199
48.0143
48.1026
48.1866
48.0913
48.1083
48.0264
48.0537
48.1256
48.1631
48.1787
48.0963
48.1032
48.062
48.1002
48.1566
48.0776
48.087
48.0413
48.0446
48.0958
48.0724
48.0836
48.0998
48.1051
48.1492
48.1697
48.1769
48.1447
48.1414
48.1107
48.1296
48.169
48.1399
48.1333
48.1062
48.0902
48.1268
48.1621
48.1571
48.1324
48.1175
48.0899
48.1225
48.1419
46.3769
47.2249
46.962
47.2767
47.6857
48.1152
48.1035
47.8543
47.9486
48.0708
48.2711
48.2649
48.0898
48.1094
47.9033
48.0513
48.1509
48.0169
48.0602
47.9059
47.9396
48.0328
48.1164
48.1472
48.0464
48.0802
48.0002
48.066
48.1403
48.0318
48.0442
47.9775
47.9843
48.051
47.9634
47.9743
47.9265
47.9353
47.9956
48.0269
48.046
48.0131
48.0091
47.9653
47.993
48.0427
48.0131
48.0028
47.9732
47.9617
48.0067
48.0499
48.0382
48.0122
48.0118
47.9866
48.027
48.0584
48.0298
48.0161
47.9913
47.9901
48.0207
47.9886
47.9798
47.9547
47.9547
50.0516
50.1663
49.3175
48.6415
48.6008
48.2981
48.5842
48.5169
48.2763
48.2359
48.0378
48.2218
48.3065
48.1593
48.1498
48.1588
48.2795
48.3386
48.3601
48.3751
48.3924
48.406
48.4496
48.3573
48.343
48.2527
48.2549
48.2924
48.3608
48.3597
48.2801
48.2827
48.3135
48.3716
48.3759
48.3217
48.3267
48.2521
48.3038
48.2976
48.2495
48.2548
48.1857
48.2333
48.2706
48.2173
48.2167
48.1455
48.1876
48.2241
48.1801
48.1937
48.135
48.1441
48.1809
48.1659
48.1778
48.1343
48.1471
48.1827
48.206
48.2133
48.164
48.1682
48.1998
48.2168
48.2209
48.1903
48.5061
47.5076
48.0835
48.6335
48.1216
48.1927
47.9762
47.9348
48.1962
47.989
47.9998
47.8721
47.8232
47.7257
47.8493
48.0015
47.9139
47.8785
47.8111
47.8255
47.9385
47.8778
47.853
47.7926
47.7917
47.8864
47.9739
47.9481
47.9817
47.9984
47.9378
48.0097
48.047
47.9913
48.0028
47.9485
47.9745
48.0075
48.0651
48.0622
48.0134
48.036
48.0216
48.0731
48.0827
48.0371
48.0566
47.9895
48.0364
48.0761
48.0355
48.0391
47.9934
48.0009
48.0356
48.0738
48.0758
48.022
48.0366
48.0053
48.0428
48.0783
48.0296
48.0361
48.0062
48.0202
48.0533
47.0753
47.8205
47.0294
47.3753
47.9491
48.1778
48.2222
47.9571
48.0632
48.0883
48.1995
48.2183
48.0642
48.104
47.9625
48.0426
48.1748
48.0731
48.0737
47.9652
48.025
48.1274
48.0527
48.07
48.0177
48.0001
48.0839
48.0026
48.0084
47.9631
47.9451
48.0184
48.0815
48.0848
48.0326
48.0102
48.0713
48.1266
48.1185
48.0797
48.0673
48.0876
48.1378
48.127
48.1404
48.1254
48.0787
48.1245
48.1564
48.1259
48.1104
48.0733
48.1143
48.1368
48.1026
48.0981
48.115
48.13
48.1486
48.1199
48.1173
48.081
48.0856
48.1023
48.1359
48.1453
48.1075
48.1193
49.3087
49.7867
49.2485
48.1891
48.3284
47.9118
48.25
48.5005
48.1099
48.1542
47.9076
47.9526
48.131
48.2103
48.2316
48.2079
48.2155
48.0977
48.1531
48.2599
48.1622
48.1916
48.1255
48.1677
48.251
48.1574
48.155
48.1831
48.1463
48.2171
48.2745
48.263
48.2116
48.1838
48.127
48.1794
48.2247
48.1834
48.1756
48.1329
48.1343
48.171
48.2202
48.2069
48.1592
48.1636
48.1563
48.2004
48.2229
48.1782
48.1799
48.1302
48.145
48.1686
48.1414
48.1546
48.1056
48.1091
48.1296
48.1654
48.1736
48.1248
48.1374
48.0963
48.1295
48.1615
48.118
48.3441
46.9224
47.5908
48.2411
48.582
