0.236695
0.335811
0.496375
0.722602
0.815949
0.795601
0.800781
0.80099
0.798573
0.800937
0.798846
0.802007
0.798274
0.800843
0.800065
0.800189
0.799858
0.799719
0.800311
0.79996
0.799452
0.799736
0.800438
0.800207
0.800302
0.799248
0.800538
0.799895
0.799911
0.800754
0.799601
0.800128
0.799905
0.800049
0.799996
0.799867
0.800225
0.799663
0.800227
0.799546
0.800511
0.799312
0.800904
0.799295
0.800474
0.799412
0.800515
0.799594
0.800591
0.799532
0.800149
0.799953
0.800679
0.798762
0.80125
0.799265
0.79998
0.799405
0.800674
0.799505
0.800489
0.799563
0.79995
0.800589
0.799179
0.800643
0.799529
0.799845
0.801039
0.79891
0.80059
0.79969
0.800183
0.800071
0.800014
0.800129
0.799672
0.799649
0.800674
0.800075
0.799757
0.799557
0.800468
0.799195
0.801044
0.799089
0.80086
0.799032
0.800589
0.80046
0.798925
0.800583
0.799909
0.799638
0.801162
0.799151
0.800346
