0.452676
0.748837
0.812862
0.7989
0.797585
0.802752
0.797605
0.803162
0.796054
0.802581
0.798729
0.801579
0.798874
0.801237
0.79953
0.800551
0.800887
0.796633
0.803457
0.798809
0.798888
0.801075
0.800153
0.800104
0.799203
0.800714
0.801348
0.796779
0.801586
0.801233
0.796884
0.801573
0.801243
0.798477
0.799567
0.802491
0.796211
0.803117
0.800207
0.798272
0.802128
0.798435
0.800271
0.800571
0.799902
0.801133
0.797954
0.800485
0.801742
0.796452
0.801767
0.800984
0.798548
0.799502
0.802314
0.798356
0.800558
0.799514
0.798901
0.800809
0.800092
0.801406
0.796629
0.801279
0.801772
0.797055
0.797807
0.805626
0.796738
0.801948
0.800557
0.798099
0.802389
0.797603
0.801516
0.798197
0.800221
0.803466
0.796196
0.801698
0.80311
0.795713
0.801721
0.800863
0.796652
0.80339
0.797274
0.802247
0.797371
0.800137
0.802704
0.796355
0.801738
0.801445
0.796356
0.805287
0.795757
0.802659
0.798987
