0.3
0.158879
0.220221
0.20498
0.179781
0.255447
0.163756
0.288429
0.162237
0.298011
0.167744
0.2706
0.168069
0.275112
0.166752
0.27653
0.168076
0.269149
0.173341
0.258473
0.174743
0.251366
0.177993
0.248786
0.176609
0.249893
0.179984
0.245388
0.177161
0.249192
0.176775
0.251639
0.173026
0.257463
0.171263
0.264841
0.169014
0.269177
0.172203
0.25966
0.172584
0.260732
0.172282
0.255843
0.179653
0.241591
0.178462
0.24508
0.180018
0.241212
0.179848
0.243758
0.180556
0.238385
0.182473
0.238541
0.184604
0.233955
0.186593
0.228413
0.190376
0.221665
0.197059
0.212042
0.202201
0.208015
0.20574
0.213118
0.193107
0.221692
0.195024
0.219792
0.195972
0.216886
0.197755
0.213328
0.204006
0.205197
0.210886
0.202272
0.210205
0.203773
0.209365
0.203736
0.207821
0.204959
0.208855
0.202812
0.207244
0.207259
0.204609
0.210793
0.199627
0.21521
0.197051
0.215677
0.199802
0.212225
0.201092
0.21289
0.198457
0.219995
0.191226
0.227002
0.189185
0.228943
0.188635
0.231267
0.180764
0.240034
0.183883
0.240006
0.178387
0.243202
0.186099
0.231331
0.190361
0.220728
0.194864
0.21842
0.196398
0.214998
0.201018
0.210751
0.202666
0.209904
0.204203
0.209719
0.203132
0.206547
0.208708
0.205473
0.203816
0.207779
0.203572
0.212406
0.198255
0.214372
0.198572
0.216381
0.197998
0.2168
0.191395
