0.3
0.230527
0.172307
0.130088
0.108151
0.103186
0.102985
0.103016
0.103061
0.103054
0.103111
0.103034
0.103043
0.103057
0.103035
0.103038
0.102961
0.103
0.103093
0.103026
0.103006
0.103039
0.102997
0.103065
0.10297
0.103024
0.103077
0.103035
0.10303
0.103058
0.102991
0.103018
0.103049
0.103004
0.103058
0.102988
0.103069
0.103022
0.103025
0.10299
0.1031
0.103067
0.103096
0.103038
0.103037
0.103022
0.103015
0.103017
0.10305
0.103027
0.103015
0.103033
0.103001
0.102968
0.103144
0.102919
0.10308
0.103031
0.103055
0.102908
0.103028
0.102982
0.102983
0.10296
0.102967
0.103003
0.102967
0.103018
0.103001
0.103058
0.102953
0.103132
0.10292
0.103058
0.103049
0.102973
0.103084
0.102939
0.103078
0.10293
0.102964
0.10306
0.103073
0.103001
0.103002
0.10305
0.10299
0.103037
0.103081
0.103076
0.103024
0.103065
0.103116
0.102962
0.103009
0.103069
0.102958
0.103057
