3.78224
3.39443
18.0728
24.2226
28.9512
32.1502
34.4973
36.0101
37.17
38.2617
38.9821
39.7918
40.514
40.7983
41.3795
41.7896
42.1899
42.4336
42.6467
42.9315
43.1077
43.3602
43.6178
43.6573
43.8353
43.9966
44.1669
44.2552
44.3322
44.4695
44.5324
44.661
44.8014
44.804
44.8435
44.9436
45.0432
45.084
45.1201
45.2137
46.4359
46.7576
46.6474
47.2426
46.7742
46.8528
46.8132
46.879
47.2594
47.5496
47.7294
47.9433
47.992
48.156
48.2285
48.3601
48.4736
48.5229
48.6154
48.6084
48.6205
48.4905
48.4978
48.3901
48.3713
48.3127
48.2727
48.2139
48.1956
48.1422
48.169
48.0752
48.1008
48.0023
48.0262
47.9625
47.9736
47.9373
47.9207
47.8926
47.8826
47.8976
47.9083
47.867
47.8895
47.8608
47.912
47.9323
47.9802
48.0154
48.0499
48.0935
48.1076
48.148
48.9892
49.6427
49.8611
49.672
49.7962
49.1039
48.989
48.6806
48.4612
48.2058
48.1268
48.0038
48.0755
47.8711
47.9392
47.804
47.8569
47.9922
48.0416
48.1528
48.2087
48.2986
48.2121
48.1537
48.065
48.0425
47.9928
48.0291
47.9329
47.9643
47.895
47.9269
47.888
47.8763
47.9434
47.9768
48.0393
48.0981
48.1236
48.1781
48.1699
48.1338
48.1424
48.0786
48.0988
48.0461
48.0694
48.0401
48.0312
47.9914
47.9733
48.018
48.0608
48.0817
48.1217
48.14
48.1779
48.1907
48.1434
48.8643
47.1989
47.7802
47.9532
47.8125
47.5291
47.4948
47.6673
47.8055
47.944
48.1574
48.2326
48.3917
48.5273
48.5655
48.5863
48.414
48.419
48.3048
48.2332
48.1559
48.1333
48.0617
48.0793
47.9527
47.9887
47.987
48.0602
48.1374
48.1579
48.2272
48.2665
48.2544
48.2026
48.1561
48.1141
48.1071
48.0524
48.073
47.9896
48.0118
47.9701
47.9811
48.0011
48.0154
48.065
48.1023
48.1319
48.1758
48.1517
47.4508
47.4425
47.4062
47.4307
47.3856
47.4152
47.3995
47.4095
47.3933
47.5832
48.1384
48.8462
48.9065
49.1834
49.197
48.7887
48.7426
48.248
48.269
48.2733
48.3049
48.339
48.2612
48.1539
48.2464
48.3401
48.447
48.4595
48.5526
48.5472
48.4142
48.4155
48.2491
48.2761
48.1798
48.2029
48.1646
48.1321
48.2036
48.2587
48.3044
48.3647
48.3369
48.287
48.2783
48.1946
48.2154
48.0694
48.0822
48.0436
48.0497
48.0183
48.0381
48.0877
48.1316
48.1607
48.1579
48.1472
48.1175
48.1212
48.0632
48.08
48.0207
48.04
48.0144
48.0176
48.0569
48.0738
48.1104
50.2748
48.8594
48.1145
48.0173
47.735
47.8169
47.475
47.5892
47.2759
47.4619
47.3819
47.439
47.5545
47.6561
47.8297
47.9821
48.0554
48.1808
48.1691
48.0922
48.1029
47.935
47.9631
47.8688
47.915
47.868
47.8421
47.7974
47.7871
47.7343
47.8173
47.8408
47.9156
47.9678
48.0164
48.0788
48.0401
48.0637
48.024
48.0257
47.9936
47.9679
47.925
47.9372
47.891
47.9143
47.8589
47.8759
47.9249
47.9496
47.9949
48.0159
48.0599
48.0369
48.027
48.0042
47.9927
47.9692
47.9892
45.0022
46.9366
46.4313
46.8762
46.7235
46.7174
47.2283
47.5356
47.7799
48.0323
48.0894
47.9667
47.9684
47.8198
47.8912
47.7198
47.7874
47.6738
47.6885
47.6026
47.5663
47.5228
47.5651
47.6591
47.7647
47.7949
47.8877
47.9556
47.8856
47.92
47.8114
47.8386
47.7727
47.7725
47.7405
47.7137
47.6854
47.6984
47.6578
47.6844
47.7062
47.768
47.8128
47.8577
47.9112
47.8372
47.8528
47.8052
47.8101
47.7878
47.77
47.7478
47.7581
47.7746
47.7913
47.7438
47.7644
47.7993
47.8357
50.2856
49.505
49.7646
48.7551
48.5743
48.2994
48.0666
47.8849
47.8731
47.7416
47.8528
47.6205
47.7197
47.5941
47.662
47.8258
47.8801
48.0145
48.0962
48.1888
48.1806
48.1082
48.0436
48.054
47.9858
48.0248
47.9095
47.9527
47.8848
47.9052
47.9309
47.9083
47.9808
48.0297
48.0769
48.1376
48.1519
48.1488
48.1522
48.1007
48.1218
48.0481
48.0674
48.0115
48.0212
47.9933
47.9734
47.9432
47.9527
47.9874
48.032
48.0422
48.0846
48.116
48.1022
48.1168
48.0633
48.0774
48.0387
48.2304
47.4435
47.2688
47.0989
47.3136
47.1072
47.3595
47.5324
47.84
48.0595
48.1932
48.3655
48.0868
48.1305
48.0227
48.0089
47.9355
47.8821
47.792
47.8162
47.7258
47.7806
47.6591
47.7121
47.8111
47.8735
47.9619
47.996
48.0756
48.0312
48.014
47.9707
47.9435
47.906
47.9334
47.8638
47.8924
47.8275
47.8557
47.8205
47.8176
47.8764
47.9047
47.959
48.0101
48.0375
48.0038
47.9903
47.9632
47.982
47.927
47.9506
47.9012
47.9221
47.8886
47.8841
47.863
47.8549
47.8967
50.2503
49.7344
49.9225
49.7368
49.0952
49.08
48.4819
48.5297
48.4666
48.4672
48.2665
48.2107
48.0878
48.0697
48.0983
48.1469
48.1928
48.3095
48.363
48.4516
48.5393
48.378
48.3972
48.2693
48.2854
48.2267
48.1759
48.1216
48.1103
48.052
48.0733
47.9758
48.006
48.0582
48.1075
48.1673
48.1778
48.2334
48.1805
48.1755
48.1415
48.107
48.0717
48.0798
48.0861
48.1074
48.0443
48.0651
48.0346
48.0363
48.0799
48.0939
48.1353
48.1719
48.1934
48.1616
48.1399
48.1114
48.124
45.1272
47.0916
46.5863
47.2029
45.2023
45.5437
45.7044
46.1447
46.604
46.97
47.1546
47.4171
47.5639
47.4687
47.5686
47.3904
47.4801
47.3682
47.4488
47.4105
47.4068
47.3725
47.3971
47.3542
47.4688
47.5208
47.6239
47.6888
47.7701
47.8531
47.7386
47.7624
47.7082
47.7348
47.7064
47.6882
47.6589
47.6678
47.6838
47.7001
47.6236
47.688
47.7365
47.7868
47.8426
47.8604
47.9121
47.8738
47.8763
47.8985
47.8749
47.8518
47.8519
47.8204
47.8364
47.7773
47.7967
47.7693
47.8041
50.3071
49.4427
49.7266
49.7205
49.4269
48.9272
48.5893
48.2691
48.2799
48.0381
48.0946
47.7952
47.9174
47.8002
47.8435
47.9088
47.9575
48.0876
48.1862
48.253
48.3488
48.2841
48.2088
48.1987
48.0832
48.1142
48.0092
48.0423
47.989
47.9976
47.9408
47.9151
47.8756
47.9394
47.9821
48.0463
48.0693
48.1274
48.1344
48.0594
48.0808
48.0177
48.0387
47.9969
47.9955
47.967
47.947
47.9266
47.9452
47.946
47.9906
48.0081
48.0511
48.0921
48.1144
48.1537
48.1093
48.1223
48.0905
47.8985
47.2852
47.3619
47.2107
47.559
47.256
47.4005
47.3471
47.6755
47.9373
48.0508
48.2381
48.2647
48.4089
48.256
48.1759
48.1101
48.0949
48.0166
48.0514
47.9141
47.9608
47.8483
47.8843
47.8262
47.8784
47.9682
48.0104
48.0891
48.1627
48.1955
48.1466
48.1193
48.0778
48.0902
48.0184
48.0452
47.9595
47.9851
47.9446
47.9465
47.917
47.9114
47.965
48.0122
48.044
48.092
48.1092
48.1073
48.1109
48.0627
48.0727
48.0084
48.0253
47.9863
47.9914
47.9719
47.9565
47.9345
48.7442
49.1584
49.5389
49.3559
49.5433
49.6205
48.9884
48.9606
48.4838
48.4647
48.274
48.2575
48.1428
48.063
47.9768
48.001
47.8941
47.9519
47.9939
48.1088
48.1992
48.2605
48.3481
48.1976
48.2031
48.1383
48.1163
48.0644
48.0314
47.9909
48.0186
47.9471
47.977
47.8943
47.9226
47.9863
48.0207
48.0807
48.1066
48.1614
48.1221
48.0975
48.0632
48.0495
48.0182
48.0384
47.9804
48.0007
47.9516
47.9701
47.8963
47.9154
47.9602
47.987
48.0249
48.0647
48.0781
48.0516
48.0464
46.1439
47.5543
46.537
47.1337
46.8972
47.2083
47.1387
47.1225
47.0653
47.3303
47.5538
47.7788
47.8397
48.0159
48.1389
47.9983
48.0599
47.8971
47.9493
47.8738
47.8754
47.8235
47.8019
47.7523
47.766
47.6829
47.7057
47.7427
47.8308
47.9073
47.9625
48.0356
47.9519
47.978
47.9331
47.9334
47.9017
47.8731
47.8308
47.8439
47.7931
47.8148
47.7424
47.7697
47.8184
47.8582
47.9103
47.9279
47.9763
47.9428
47.9487
47.9192
47.8936
47.8694
47.8703
47.8315
47.8469
47.7876
47.8061
46.1082
47.3651
48.3428
48.4037
48.7817
48.9461
49.0774
48.9419
48.6941
48.4812
48.3993
48.1816
48.2097
47.9479
48.008
47.8601
47.9143
47.8466
47.8282
47.8933
47.9741
48.0642
48.1596
48.1838
48.2671
48.2419
48.1401
48.1676
48.0426
48.07
48.0038
48.0201
48.0487
48.0202
47.9804
47.9843
47.9972
48.0575
48.0724
48.1273
48.1629
48.2046
48.2249
48.1525
48.1685
48.1233
48.1265
48.0972
48.0707
48.0428
48.0457
48.007
48.0122
47.9837
48.0244
48.0571
48.0859
48.1241
48.1319
50.3066
48.2892
48.2751
47.8537
47.6428
47.4759
47.537
47.3295
47.439
47.1297
47.2908
47.2147
47.4025
47.6095
47.6856
47.8488
47.9726
47.9797
47.9142
47.8605
46.4043
46.412
46.3797
46.4629
46.3868
46.4853
46.4742
46.5476
46.6296
46.6972
46.8134
46.9033
46.9931
47.0903
47.0948
47.0692
47.0845
47.0594
47.0958
47.0324
47.0778
47.0489
47.093
47.0835
47.0979
47.1387
47.1841
47.2489
47.3107
47.3493
47.4064
47.4001
47.3847
47.3997
47.364
47.3935
47.3527
47.3824
47.3673
48.4454
47.5941
47.4764
48.1806
48.5456
48.7082
48.929
48.6837
48.4041
48.4299
48.1964
48.2567
48.0013
48.0732
47.9676
47.9974
48.051
48.094
48.2101
48.2999
48.3581
48.2651
48.2013
48.1285
48.1548
48.0561
48.0719
47.9673
47.9982
47.9542
47.9909
48.0632
48.0985
48.1607
48.2206
48.1823
48.1301
48.1189
48.0743
48.0977
48.0208
48.0425
47.9936
48.0056
48.0214
48.0374
48.0856
48.1253
48.1519
48.1192
48.0983
48.0696
48.0742
48.0204
48.0385
47.9906
48.0091
47.9859
47.9788
48.0175
49.517
49.7355
49.9188
49.0741
48.4849
48.3585
47.9823
48.1276
47.7409
47.8577
47.6892
47.7577
47.6744
47.6611
47.6112
47.7512
47.8608
47.9944
48.0283
48.1417
48.2236
48.1015
48.1344
47.9933
48.0243
47.9714
47.9702
47.9283
47.9163
47.8844
47.9081
47.8284
47.901
47.9304
47.9977
48.0608
48.0949
48.1523
48.0653
48.0868
48.0514
48.0444
48.0123
48.0044
47.9737
47.99
47.9292
47.9455
47.8849
47.9329
47.9785
48.0032
48.046
48.0648
48.0729
48.0472
48.0375
48.023
48.0193
46.7425
47.5746
46.7545
47.3152
46.9973
47.2815
47.5088
47.7058
47.991
48.1068
48.3068
48.4733
48.4058
48.2784
48.2547
48.1218
48.1659
48.006
48.0542
47.908
47.9513
47.8935
47.8733
47.9115
47.969
48.0552
48.1381
48.1669
48.2393
48.2141
48.1498
48.1747
48.0656
48.0831
48.0115
48.0339
47.9975
47.9687
47.9343
47.9433
47.9694
48.0249
48.0435
48.0948
48.124
48.164
48.1792
48.1071
48.1171
48.0633
48.0722
48.0327
48.0089
47.9915
47.9964
47.9691
47.9868
47.9711
48.0105
49.7357
49.8031
49.9704
49.6452
49.7653
48.8445
48.6971
48.4647
48.3045
48.1346
48.1022
47.9586
48.0356
47.8125
47.87
47.7161
47.769
47.9098
47.9496
48.0672
48.1427
48.2212
48.1501
48.1008
48.0194
48.0188
47.9546
47.9924
47.8855
47.9174
47.8379
47.8575
47.8219
47.8466
47.9168
47.9628
48.0185
48.0778
48.0972
48.0564
48.0588
48.0208
48.0437
47.97
47.9896
47.9356
47.9577
47.9298
47.9148
47.8852
47.8705
47.9153
47.9603
47.983
48.0254
48.0454
48.0138
48.0281
47.9754
49.2137
47.3811
47.8766
47.4367
47.4852
47.3418
47.2859
47.2207
47.3285
47.5483
47.7973
47.8883
48.0733
48.2112
48.0196
48.0844
47.8849
47.9379
46.5255
46.6151
46.6073
46.6221
46.627
46.7079
46.6944
46.8302
46.8948
47.0166
47.1092
47.1981
47.2972
47.2044
47.2557
47.2932
47.3104
47.2917
47.2786
47.2611
47.2928
47.2569
47.284
47.2288
47.3002
47.3623
47.4139
47.4766
47.5012
47.5596
47.5345
47.5413
47.568
47.5549
47.5445
47.5647
47.5319
47.5497
47.5034
47.5273
47.5063
49.5186
49.9046
49.565
49.7504
49.3986
49.0485
48.7095
48.5396
48.3247
48.3454
48.0498
48.1205
47.9246
48.0014
48.1521
48.1949
48.3188
48.3858
48.3893
48.2754
48.1901
48.1205
48.114
48.0333
48.0722
47.9326
47.9624
47.9907
48.0437
48.1194
48.1453
48.2127
48.1631
48.1332
48.0714
48.0648
48.027
48.0405
47.9604
47.9725
47.9059
47.9228
47.9781
47.9918
48.0435
48.0813
48.0859
48.0529
48.0263
47.9991
48.0058
48.0076
48.0254
47.9665
47.9775
47.9939
48.0132
48.0526
48.0727
48.1073
46.7103
46.811
46.7786
46.9648
46.8685
47.1816
46.8064
47.0705
46.8917
47.0696
47.0325
47.1609
47.4025
47.5633
47.7114
47.8729
47.9134
47.8278
47.8282
47.7345
47.7894
47.6521
47.7046
47.6347
47.6589
47.621
47.6042
47.568
47.6532
47.7128
47.795
47.8297
47.9045
47.9755
47.9084
47.9326
47.8502
47.8766
47.8467
47.8442
47.8186
47.8033
47.779
47.7904
47.7385
47.7624
47.7882
47.8395
47.8898
47.9173
47.9634
47.9046
47.9135
47.8918
47.88
47.8613
47.8512
47.8289
47.8437
45.1226
46.9191
46.419
47.1381
47.7678
47.9889
48.3131
48.418
48.6326
48.4515
48.3726
48.2274
48.1984
48.0683
48.0901
47.8796
47.9389
47.8167
47.8713
47.8063
47.7834
47.8951
47.9543
48.0449
48.1348
48.1651
48.1092
48.1049
48.0338
48.0466
47.9336
47.9647
47.9003
47.9232
47.8723
47.8448
47.8111
47.8203
47.8772
47.9377
47.9595
48.0147
48.049
47.9938
48.0131
47.9481
47.9681
47.927
47.9362
47.9012
47.8776
47.8537
47.8567
47.8296
47.8498
47.8645
47.907
47.9358
47.9708
50.304
47.6073
48.0425
47.4291
47.5431
47.4046
47.3099
47.2207
47.3288
47.249
47.4041
47.1814
47.3156
47.4973
47.6495
47.8131
47.8569
47.9916
47.8723
47.8924
47.837
47.7881
47.7334
47.7692
47.6999
47.7251
47.6213
47.6832
47.6365
47.6433
47.7278
47.7567
47.8337
47.8962
47.9452
47.9075
47.8775
47.8439
47.8637
47.8028
47.8291
47.7677
47.794
47.7597
47.7637
47.7351
47.7199
47.7737
47.8201
47.8526
47.8998
47.9177
47.9626
47.9781
47.936
47.9552
47.9037
47.924
47.9012
47.7747
47.1096
47.0815
47.0008
47.2562
47.6109
47.9948
48.1208
48.3628
48.5571
48.2752
48.3209
48.0606
48.1186
48.0211
47.9944
47.9163
47.8832
47.8191
47.8394
47.7418
47.7985
47.8542
47.9571
48.0509
48.0945
48.1748
48.0645
48.0733
48.027
48.0084
47.9734
47.952
47.9099
47.9396
47.8649
47.8921
47.836
47.8602
47.921
47.9454
48.0015
48.0325
48.0804
48.0482
48.0337
48.0039
47.995
47.9508
47.9712
47.9136
47.932
47.893
47.905
47.8787
47.8623
47.9051
47.9366
47.968
50.2954
49.4226
48.3612
48.2839
47.7965
47.9856
47.5827
47.7428
47.5317
47.5845
47.4963
47.4743
47.587
47.6534
47.7812
47.9362
47.9882
48.1163
48.2261
48.0915
48.1357
48.0112
48.0395
47.9816
47.9629
47.9164
47.897
47.8507
47.8673
47.7759
47.7942
47.8374
47.911
47.9812
48.0108
48.0743
48.0125
48.0207
47.9856
47.9618
47.931
47.9239
47.8853
47.9043
47.8335
47.8561
47.8093
47.8567
47.9067
47.9254
47.972
48.0002
48.0384
48.0054
47.9841
47.9589
47.9547
47.9255
47.9425
44.5033
46.6884
46.3466
46.9683
47.3608
47.5933
47.9839
48.1869
48.3835
48.5724
48.3956
48.222
48.2187
48.0565
48.1091
47.887
47.9451
47.8425
47.8766
47.8157
47.7768
47.7232
47.8086
47.8901
47.9539
47.9784
48.064
48.1217
48.0469
48.0793
47.9798
48.0092
47.9566
47.9654
47.9291
47.9029
47.8681
47.8689
47.8189
47.8789
47.8976
47.9547
47.9931
48.0377
48.0882
48.0225
48.0419
47.9863
48.0044
47.969
47.9577
47.9333
47.9201
47.8966
47.9049
47.8628
47.8818
47.9011
47.9425
50.3085
49.9193
50.0471
48.8764
48.8461
48.4334
48.3549
48.1255
47.9685
47.8385
47.8452
47.7127
47.8088
47.6044
47.6943
47.8223
47.9555
48.086
48.1295
48.2381
48.1228
48.1202
48.032
47.9876
47.9349
47.9166
47.8726
47.9033
47.821
47.8507
47.7715
47.8059
47.8813
47.9243
47.992
48.0166
48.0774
48.0176
47.9989
47.969
47.9608
47.9299
47.9382
47.8756
47.9002
47.8477
47.8752
47.85
47.8414
47.8892
47.9157
47.9585
48.0029
48.0185
48.0186
48.0138
47.9731
47.9895
47.9379
48.8765
38.4757
41.6399
42.7678
43.5112
43.9131
44.4596
45.1119
45.6882
45.9943
46.3826
46.6807
46.5959
46.7632
46.6711
46.8138
46.8074
46.846
46.8366
46.8497
46.8313
46.9174
46.852
46.936
47.0275
47.1468
47.2635
47.3197
47.4224
47.3744
47.4126
47.3918
47.3721
47.3414
47.3524
47.312
47.357
47.2885
47.3253
47.2947
47.3188
47.3894
47.4171
47.4827
47.5337
47.5826
47.5606
47.5395
47.5087
47.5189
47.4912
47.5106
47.462
47.4893
47.4611
47.4804
47.4625
47.4573
47.5055
49.6978
49.7761
49.9387
49.594
48.8841
48.7811
48.3356
48.4194
48.0024
48.0908
47.9454
47.9738
47.8694
47.9429
48.1003
48.2327
48.2978
48.2797
48.2108
48.1087
48.1181
47.973
48.0201
47.9181
47.9635
47.9133
47.9069
47.9925
48.0353
48.1075
48.1786
48.1577
48.179
48.161
48.1613
48.1664
48.0714
48.0948
48.0392
48.0588
48.0748
48.0867
48.138
48.1772
48.2092
48.1751
48.1506
48.1066
48.1195
48.059
48.065
48.0073
48.0285
48.0031
47.994
48.0353
48.0582
48.0924
48.1299
48.1166
46.6104
47.1139
47.4154
47.6766
46.985
47.3033
47.1207
47.3079
47.2378
47.2135
47.4937
47.6913
47.8463
48.0219
48.0647
48.0608
48.0585
47.8921
47.9241
47.7566
47.799
47.7438
47.7491
47.6872
47.6783
47.6378
47.6806
47.7376
47.8261
47.8654
47.9415
48.0142
47.9166
47.9244
47.8355
47.8559
47.8116
47.8097
47.7789
47.7764
47.7506
47.7805
47.7298
47.7635
47.7967
47.851
47.9024
47.927
47.9749
47.9211
47.9298
47.9068
47.8905
47.8686
47.8622
47.8432
47.8637
47.8636
47.8824
45.5731
47.1547
48.1888
48.4338
48.8089
48.8704
49.0729
48.7423
48.5502
48.3522
48.2625
48.1442
48.2144
48.0247
48.0913
47.9093
47.9696
47.8848
47.8915
48.0121
48.0621
48.1632
48.2545
48.2972
48.229
48.2101
48.1539
48.1782
48.0723
48.0981
48.0027
48.0374
47.9961
47.9989
47.9602
47.9889
48.051
48.1069
48.1409
48.1946
48.2124
48.1751
48.1794
48.1105
48.1284
48.0722
48.086
48.0554
48.0501
48.0225
48.0042
47.97
47.9839
48.0051
48.0468
48.0687
48.1075
48.145
48.086
48.7982
47.0984
47.6365
47.382
47.3411
47.2283
47.2747
47.1875
47.3843
47.3771
47.5074
47.6797
47.8488
48.0201
48.0628
48.2023
48.0818
48.0981
48.0239
47.9488
47.8708
47.8853
47.9178
47.9656
47.852
47.8853
47.8031
47.8002
47.8849
47.9132
47.9916
48.0555
48.0982
48.0564
48.0248
47.9855
48.0064
47.9413
47.9688
47.9066
47.9303
47.8834
47.8646
47.8329
47.8163
47.87
47.9217
47.948
47.9953
48.0173
48.062
48.077
48.0189
48.0356
47.9851
48.0007
47.9699
47.9564
47.9691
47.7655
47.3791
47.8986
48.1967
48.6169
48.725
48.9494
49.1173
48.6498
48.6441
48.3337
48.3272
48.2008
48.1258
48.0285
47.9931
47.9217
47.9792
47.8257
47.8804
47.9502
48.0493
48.1456
48.1773
48.2622
48.2223
48.2206
48.1665
48.1239
48.0754
48.0702
48.0257
48.0534
47.9648
47.993
47.9309
47.9545
48.0159
48.0371
48.0926
48.1268
48.1714
48.1683
48.1493
48.1099
48.103
48.0655
48.0845
48.0195
48.0373
47.989
47.9975
47.9746
47.9565
47.9986
48.0286
48.0609
48.0993
48.1085
48.029
48.157
47.4703
47.8587
47.2803
47.5197
47.3045
47.432
47.3401
47.2701
47.2162
47.2738
47.4638
47.6656
47.7303
47.891
48.0019
47.9618
48.0083
47.8388
47.8902
47.7927
47.8161
47.772
47.742
47.7003
47.7159
47.6492
47.6731
47.7085
47.7921
47.8624
47.9129
47.9817
47.8921
47.909
47.8716
47.8693
47.8417
47.8332
47.8044
47.8115
47.7545
47.771
47.7128
47.747
47.7995
47.8338
47.8834
47.902
47.949
47.9892
47.9868
47.9611
47.9467
47.918
47.9257
47.8841
47.9019
45.5598
47.2236
47.0159
47.18
47.7884
48.001
48.3294
48.5766
48.6443
48.8072
48.6492
48.4255
48.4667
48.2072
48.2646
48.0877
48.1515
48.0714
48.0406
47.9698
47.9347
47.9812
48.0811
48.1231
48.2095
48.249
48.3254
48.3472
48.2399
48.2632
48.1782
48.2011
48.1433
48.1187
48.077
48.0635
48.0242
48.0421
47.9713
48.0276
48.0572
48.1106
48.1614
48.181
48.2288
48.2278
48.242
48.2074
48.1861
48.1544
48.1436
48.1125
48.1264
48.0595
48.0726
48.0203
48.036
48.075
48.0865
50.3108
49.9205
49.909
49.0951
48.6069
48.2649
48.2084
47.9248
47.9832
47.6212
47.74
47.5679
47.6264
47.5573
47.6317
47.7981
47.9245
48.0184
48.1363
48.1662
48.1873
48.2166
48.0892
48.1237
47.9908
48.0158
47.9471
47.9462
47.902
47.8912
47.8604
47.9368
47.9747
48.0425
48.0577
48.12
48.1787
48.0968
48.1077
48.0344
48.0476
48.0053
47.9937
47.5528
47.5439
47.5301
47.5466
47.4894
47.5468
47.5847
47.6379
47.689
47.7183
47.7656
47.7128
47.7334
47.7021
47.7103
47.6939
47.1583
46.8905
47.2948
47.0783
47.4576
47.5127
47.9103
48.0906
48.3336
48.5272
48.5999
48.5706
48.3261
48.368
48.1986
48.184
48.0959
48.0449
47.97
47.9825
47.9157
47.9521
47.9523
48.0486
48.0918
48.1764
48.2556
48.3008
48.3161
48.1905
48.2099
48.1502
48.1644
48.1219
48.1012
48.0648
48.0613
48.0234
48.0299
48.0617
48.1165
48.1398
48.1894
48.2346
48.2668
48.2772
48.2111
48.2251
48.1745
48.1826
48.1535
48.1234
48.0864
48.0867
48.0573
48.0728
48.0818
48.1193
48.1499
49.5688
49.9338
48.8418
48.8541
48.4337
48.3366
48.088
47.9722
47.7667
47.8268
47.5934
47.7006
47.5462
47.6176
47.7966
47.8558
47.9997
48.0817
48.1758
48.282
48.2204
48.1158
48.0966
47.9881
48.0304
47.9047
47.9497
47.898
47.9054
47.8676
47.859
47.891
47.9638
47.9966
48.0613
48.0937
48.1486
48.1673
48.0881
48.1075
48.0402
48.0442
48.0127
47.9949
47.9639
47.9735
47.9352
47.956
47.9715
48.0178
48.0583
48.0891
48.1307
48.1415
48.1452
48.1136
48.1103
48.0892
48.0719
46.8059
47.7215
47.1907
47.6303
47.0832
47.3898
47.7645
47.9954
48.2464
48.286
48.4696
48.4059
48.3912
48.2634
48.1768
48.0774
48.0882
47.9845
48.035
47.8626
47.9115
47.8294
47.8469
47.9453
47.9714
48.0628
48.1299
48.1892
48.1342
48.0897
48.0315
48.0412
48.0525
48.0614
47.9602
47.9858
47.9234
47.9353
47.8972
47.8797
47.9393
47.983
48.0249
48.0764
48.0871
48.0862
48.0908
48.0402
48.0535
47.9805
47.9988
47.9529
47.9605
47.9376
47.9266
47.9071
47.9133
47.9449
47.9848
48.6584
49.4735
49.5937
48.4799
48.5193
47.9581
48.0566
47.8041
47.7865
47.6839
47.6727
47.606
47.6944
47.5621
47.651
47.7351
47.8852
48.0176
48.0851
48.196
48.0665
48.0828
48.0029
47.9803
47.932
47.9275
47.8862
47.9237
47.8325
47.873
47.7825
47.801
47.8764
47.9102
47.9776
48.015
48.0703
48.069
48.0432
48.0084
48.0051
47.9707
47.9985
47.9285
47.9494
47.8937
47.9034
47.8777
47.863
47.911
47.9454
47.9791
48.0228
48.0333
48.0333
48.0364
48.0007
48.0174
47.9671
48.9247
47.4157
47.6689
47.4273
47.31
47.1948
47.3044
47.6035
47.9008
47.9753
48.1855
48.3253
48.2473
48.3172
48.1103
48.1596
48.0406
48.0451
47.9691
47.9103
47.8523
47.8796
47.7905
47.8126
47.8531
47.947
48.0281
48.0798
48.1565
48.0618
48.0826
48.0305
48.0169
47.9765
47.9539
47.9167
47.9331
47.8628
47.8758
47.8043
47.8301
47.8868
47.9215
47.9756
47.9966
48.0461
48.0079
47.9933
47.9643
47.9499
47.9252
47.9447
47.8901
47.9054
47.8511
47.8721
47.8474
47.8516
47.8928
49.0834
49.6928
49.8849
49.7078
49.0798
48.7668
48.4625
48.5231
48.1245
48.1997
47.9385
48.0209
47.9142
47.9076
47.8207
47.9096
48.0509
48.1747
48.2189
48.3211
48.3645
48.2587
48.2886
48.143
48.1736
48.0723
48.1076
48.0589
48.0253
47.978
47.9578
47.9137
47.938
47.9669
48.0325
48.0685
48.1253
48.1824
48.0977
48.1092
48.0559
48.0696
48.0394
48.0259
47.9958
47.9847
47.9492
47.9567
47.8867
47.9061
47.9413
47.9817
48.0248
48.0382
48.0792
48.0426
48.0549
48.0756
48.0634
46.6215
47.1411
46.7188
47.1276
46.5896
46.9703
46.7578
46.9669
46.927
47.0919
47.3838
47.5771
47.7404
47.924
47.8792
47.8021
47.8029
47.6573
47.723
47.5661
47.6081
47.5353
47.5663
47.5333
47.5223
47.4875
47.5858
47.6534
47.745
47.7843
47.8658
47.8914
47.7958
47.8083
47.7271
47.7489
47.72
47.7191
47.6953
47.688
47.6668
47.6974
47.6499
47.7102
47.7447
47.7981
47.8506
47.8743
47.9231
47.8692
47.8784
47.8602
47.8452
47.8227
47.8248
47.8024
47.8231
47.7738
47.7931
48.3291
49.1056
49.4897
49.3029
49.5023
49.5151
49.5849
49.2324
48.9454
48.7592
48.7277
48.5175
48.5526
48.4579
48.4884
48.3017
48.288
48.1576
48.178
48.2843
48.3577
48.4232
48.5044
48.5075
48.4315
48.4322
48.3367
48.3606
48.25
48.2651
48.1799
48.1706
48.1068
48.0743
48.0334
48.0333
48.077
48.1356
48.1513
48.205
48.2476
48.1872
48.2017
48.1272
48.1434
48.0928
48.0785
48.049
48.0281
47.9995
48.0103
47.9734
47.991
48.0067
48.0487
48.0874
48.1094
48.1466
48.0914
48.3
47.5031
47.5365
47.3214
47.2779
47.1736
47.3652
47.1412
47.3415
47.1577
47.313
47.5628
47.6804
47.8643
47.9498
48.099
48.025
47.9954
47.9225
47.9025
47.8052
47.8382
47.7162
47.7682
47.6883
47.7356
47.6973
47.6653
47.7559
47.8181
47.8844
47.9605
47.982
47.9414
47.9373
47.8655
47.8946
47.8016
47.8261
47.789
47.8011
47.7692
47.758
47.732
47.7498
47.7895
47.8429
47.8629
47.912
47.9523
47.8935
47.9123
47.8635
47.8826
47.8595
47.8583
47.8389
47.8285
47.8124
48.8534
47.4348
47.9281
48.2123
48.6224
48.8969
48.9502
49.1179
48.7217
48.7337
48.5566
48.4502
48.3078
48.24
48.1309
48.1817
48.1541
48.2005
48.0264
48.0482
48.155
48.1976
48.2888
48.3281
48.4068
48.3921
48.3443
48.2883
48.263
48.281
48.3001
48.1892
48.2103
48.1175
48.1379
48.0912
48.0835
48.142
48.1734
48.2243
48.2753
48.2927
48.3388
48.3196
48.2806
48.2953
48.2232
48.2377
48.1746
48.1886
48.1623
48.1529
48.1252
48.1184
48.0893
48.1286
48.1437
48.1809
48.2006
50.1996
49.4188
47.7229
48.0188
47.5301
47.6927
47.5515
47.4866
47.4442
47.501
47.3893
47.5004
47.4423
47.6466
47.7861
47.9175
48.056
48.0843
48.2009
48.1014
48.0911
48.0292
47.9712
47.9151
47.9235
47.8535
47.8958
47.7946
47.8325
47.783
47.8387
47.9147
47.9421
48.0114
48.0719
48.1101
48.0689
48.0425
47.9978
48.0195
47.9563
47.9785
47.9211
47.9428
47.8996
47.89
47.8521
47.8787
47.9291
47.9768
47.997
48.0406
48.0638
48.0347
48.0522
48.0006
48.0162
47.979
47.9883
46.037
46.3365
46.2779
46.6948
46.6588
46.9992
47.2493
47.6303
47.8509
48.0614
48.2645
47.9878
48.0545
47.8731
47.8838
47.772
47.7046
47.6476
47.6496
47.582
47.636
47.5119
47.5744
47.6657
47.754
47.8522
47.8821
47.9675
47.8883
47.8789
47.8367
47.7978
47.7621
47.7606
47.7132
47.7531
47.6756
47.7072
47.6685
47.6907
47.7542
47.7755
47.8337
47.8768
47.9171
47.8877
47.8636
47.8285
47.8407
47.7975
47.8219
47.7631
47.788
47.7615
47.7736
47.7545
47.7442
47.7882
47.8264
49.5825
49.9256
49.5288
49.1491
48.9226
48.3993
48.4754
48.0366
48.1502
47.9836
47.9892
47.8799
47.8448
47.749
47.7659
47.87
48.013
48.0623
48.1819
48.283
48.1545
48.184
48.0456
48.071
48.0122
48.0092
47.9578
47.9263
47.881
47.8882
47.8131
47.8482
47.883
47.9545
48.0214
48.056
48.1155
48.0341
48.0436
48.0084
47.9914
47.9657
47.9477
47.9072
47.9201
47.918
47.94
47.8907
47.9141
47.9619
47.9857
48.0293
48.0491
48.0917
48.132
48.1247
48.0987
48.0844
48.0607
49.0068
46.9536
47.5925
47.0705
47.466
47.2403
47.2244
47.6088
47.7926
48.0356
48.2387
48.2946
48.4491
48.4175
48.2749
48.2897
48.0626
48.1065
47.9715
48.0015
47.932
47.8909
47.8403
47.8324
47.8595
47.886
47.9133
47.9996
48.0602
48.0368
48.0611
47.9569
47.9845
47.9337
47.9323
47.897
47.8726
47.8392
47.8428
47.7969
47.8234
47.8474
47.9044
47.9558
47.9878
48.0382
48.0124
48.0308
47.9911
47.9816
47.9585
47.9451
47.9195
47.9299
47.8843
47.9031
47.8609
47.8787
47.9195
49.0179
49.6644
49.5206
49.6947
49.8176
49.4322
49.0349
48.8458
48.5401
48.5346
48.2683
48.2864
48.0536
48.1128
47.9853
48.0146
48.1439
48.1827
48.2959
48.3525
48.445
48.4244
48.3759
48.304
48.2579
48.183
48.2007
48.1282
48.1565
48.0373
48.0628
47.9883
48.0126
48.0795
48.1133
48.1742
48.1992
48.2534
48.1963
48.2367
48.2554
48.2287
48.1919
48.1803
48.147
48.1647
48.1519
48.168
48.1067
48.122
48.1332
48.165
48.2047
48.2161
48.2539
48.2746
48.3086
48.277
48.2623
46.8408
47.0981
46.9399
47.2592
47.0315
47.3678
47.0244
47.2616
47.3049
47.5637
47.8112
47.8739
48.0604
48.1893
48.1867
48.2203
48.1366
48.0191
48.0562
47.9326
47.9814
47.8677
47.9185
47.8669
47.8526
47.8885
47.9381
48.0165
48.0943
48.1155
48.1846
48.2256
48.1455
48.1775
48.084
48.1076
48.057
48.0606
48.0245
48.001
47.9667
47.9749
47.9235
47.9759
47.9964
48.0463
48.0942
48.1151
48.1588
48.0951
48.1047
48.0797
48.0681
47.5807
47.564
47.5844
47.6078
47.5541
47.5746
45.4099
47.586
48.4869
48.5441
48.8935
48.7337
48.5426
48.331
48.275
48.1074
48.1653
47.9682
48.0084
47.781
47.8582
48.0098
48.0889
48.2097
48.2501
48.2522
48.1791
48.1643
48.0969
48.0609
48.009
48.0377
47.9568
47.9686
47.9362
48.0151
48.0861
48.131
48.1956
48.0914
48.1105
48.0675
48.0611
48.0254
48.0059
47.9714
47.9731
47.9212
47.9762
47.9919
48.0433
48.0831
48.0694
48.0812
48.0064
48.024
47.9885
47.9948
47.9715
47.95
47.9267
47.9255
47.9601
47.9999
48.0128
48.051
48.343
47.0436
47.6604
46.8996
47.2913
46.9869
47.2677
47.176
47.1563
47.1013
47.1708
47.2898
47.5174
47.6079
47.7874
47.9007
48.0168
48.065
47.8824
47.9041
47.8265
47.8416
47.7911
47.7548
47.7087
47.7339
47.6698
47.7151
47.6988
47.7856
47.8631
47.9097
47.9808
48.0105
48.0217
47.9839
47.9653
47.9297
47.9168
47.8834
47.894
47.8304
47.8559
47.8093
47.8288
47.8477
47.8665
47.9172
47.949
47.9875
48.0328
48.013
47.9805
47.9875
47.9473
47.9573
47.9068
47.9236
47.8953
47.9425
47.0009
46.9899
46.8964
47.5441
47.8447
48.194
48.2948
48.5173
48.6904
48.3358
48.3886
48.1381
48.1939
48.09
48.0396
47.9557
47.9218
47.856
47.9056
47.8069
47.9169
47.9639
48.0611
48.1504
48.1961
48.274
48.1717
48.194
48.2135
48.1916
48.1418
48.1078
48.0633
48.0834
48.0139
48.0327
47.9564
48.0166
48.0718
48.1073
48.1595
48.1747
48.2231
48.1826
48.1716
48.139
48.1155
48.0847
48.089
48.042
48.0594
48.0013
48.018
47.9904
48.0178
48.0579
48.0707
48.108
49.9174
49.7774
48.7674
48.3359
47.9896
48.0143
47.6798
47.835
47.4945
47.6573
47.5429
47.615
47.5452
47.626
47.8039
47.9404
48.0308
48.1572
48.1973
48.12
48.1294
47.9895
48.034
47.9117
47.958
47.9116
47.9085
47.8665
47.8448
47.7939
47.8185
47.8587
47.9313
47.9672
48.0315
48.0945
48.0149
48.0392
47.9826
48.0024
47.972
47.9447
47.9133
47.9117
47.8738
47.8917
47.8252
47.8752
47.9083
47.9495
47.9958
48.0086
48.0516
48.0151
48.0175
47.9948
47.9742
47.9511
47.9536
45.8366
47.2631
46.3608
46.9734
46.8105
47.0816
47.543
47.6941
47.9841
48.178
48.3042
48.176
48.0829
47.9763
47.9903
47.8564
47.9206
47.7221
47.782
47.6812
47.7333
47.6851
47.7344
47.8394
47.9029
47.992
48.0773
48.1156
48.0412
48.0096
47.9688
47.9948
47.9219
47.9518
47.8804
47.9075
47.8516
47.8616
47.831
47.8533
47.9126
47.9567
48.0018
48.0534
48.0706
48.119
48.1194
48.0857
48.103
48.0429
48.06
48.0066
48.0257
47.988
47.9803
47.9561
47.9453
47.9599
47.9959
49.6511
49.9736
49.5656
49.7471
49.4987
48.9318
48.9293
48.3732
48.3534
48.0586
48.1158
47.9589
47.8972
47.8185
47.8023
47.8487
47.9932
48.0301
48.15
48.2275
48.3017
48.3231
48.1478
48.1562
48.0653
48.0679
48.017
47.976
47.9274
47.948
47.8839
47.9164
47.9042
47.9747
48.0412
48.072
48.1312
48.1556
48.1608
48.1304
48.1035
48.0672
48.0513
48.0185
48.04
47.9736
47.9942
47.952
47.9634
47.9683
47.9797
48.024
48.0555
48.0875
48.127
48.1001
48.0742
48.0815
47.4879
48.7295
46.7372
47.5329
47.3069
47.3501
47.1398
47.4163
47.7775
48.0532
48.14
48.3333
48.2711
48.0751
48.1858
47.9832
48.0378
47.9077
47.9324
47.8323
47.7693
47.89
47.9778
48.0505
48.1438
48.1701
48.0894
48.0938
48.0144
48.059
47.9726
48.0023
47.9604
47.9519
47.9633
47.9948
48.0589
48.1194
48.1471
48.0919
48.069
48.023
48.0451
47.9802
48.0035
47.954
47.972
47.9431
47.9228
47.9714
48.0002
48.0401
48.0826
48.0552
48.0227
48.0176
47.9783
47.9953
47.9429
47.9599
47.932
48.2785
48.2739
48.398
48.8744
49.0645
49.1852
49.3399
48.9984
48.6964
48.6226
48.3594
48.4313
48.1759
48.23
48.097
48.11
47.9912
47.9269
47.8608
47.9579
48.0366
48.1381
48.1633
48.2524
48.3203
48.2193
48.2473
47.9668
48.0039
47.956
47.9513
47.9131
47.8913
47.8553
47.8664
47.7957
47.8103
47.8413
47.9043
47.9645
47.9943
48.0493
47.9928
48.0093
47.979
47.9604
47.9321
47.9249
47.8961
47.9077
47.8456
47.8649
47.8198
47.8356
47.8803
47.8976
47.9396
47.9646
48.0002
46.7196
46.7379
46.6664
46.9121
46.7255
47.0229
46.663
46.939
46.8531
47.0025
46.9675
46.9696
47.2266
47.4126
47.5586
47.73
47.7835
47.7957
47.8033
47.6683
47.726
47.611
47.6679
47.6016
47.6327
47.5973
47.581
47.546
47.5712
47.5211
47.6083
47.6406
47.7205
47.7827
47.8386
47.9073
47.8341
47.8575
47.8783
47.8851
47.8498
47.8314
47.8032
47.816
47.7687
47.789
47.7173
47.7348
47.7836
47.8185
47.8671
47.8852
47.9308
47.9053
47.9014
47.8815
47.8679
47.8465
47.8543
45.8446
47.2111
46.2996
46.9476
46.8797
47.0975
47.5487
47.7187
48.005
48.2216
48.3245
48.1783
48.0917
47.9858
48.0404
47.8596
47.9216
47.7657
47.8262
47.7457
47.7578
47.7088
47.7
47.8079
47.9061
47.9583
48.044
48.0811
48.08
48.1067
48.0084
48.035
47.9478
47.9771
47.9408
47.9325
47.899
47.8832
47.8461
47.8678
47.8999
47.9567
47.9852
48.0379
48.0877
48.0172
48.0217
47.964
47.9836
47.9485
47.9431
47.9191
47.9095
47.8863
47.9013
47.8554
47.8705
47.8947
47.9323
50.2741
49.6378
49.8584
49.1791
48.9949
48.9928
48.7878
48.5145
48.3888
48.4308
48.4848
48.1721
48.2316
48.0672
48.0922
48.2241
48.2592
48.3728
48.4266
48.5047
48.5908
48.5245
48.4158
48.4058
48.3219
48.3445
48.2008
48.2276
48.1348
48.1315
48.0768
48.0352
48.0615
48.1143
48.1592
48.2176
48.2292
48.2836
48.2672
48.2064
48.2303
48.1599
48.1679
48.121
48.1136
48.0719
48.0523
48.0226
48.0348
47.9841
48.0293
48.0482
48.0906
48.1315
48.1521
48.1652
48.1117
48.1162
48.0923
47.0615
46.8805
47.0333
46.9135
47.2228
46.9077
47.2152
47.0225
47.2411
47.5477
47.6723
47.8875
47.9978
48.1471
48.1398
48.0785
47.9891
47.9648
47.9792
48.0299
47.866
47.9123
47.8279
47.8757
47.8182
47.8092
47.9009
47.9529
48.0332
48.1077
48.1415
48.2089
48.1948
48.1471
48.15
48.058
48.0825
48.0135
48.0358
47.9941
47.9996
47.9699
47.9465
47.9995
48.0442
48.0812
48.1285
48.1393
48.1833
48.1866
48.1365
48.1504
48.0907
48.1063
48.0696
48.0826
48.0482
48.0285
48.0018
47.4706
48.1514
48.8481
48.916
49.1905
49.1979
49.3564
49.2937
48.8298
48.8691
48.5721
48.5778
46.8669
46.9529
46.8926
46.8891
46.8805
46.9514
47.0948
47.254
47.3248
47.4605
47.5688
47.4924
47.5478
47.442
47.5114
47.4742
47.4793
47.4342
47.419
47.3954
47.4131
47.3543
47.3978
47.4375
47.5148
47.5857
47.6304
47.697
47.6425
47.673
47.6455
47.6375
47.6147
47.6028
47.5716
47.5884
47.551
47.5785
47.5354
47.5608
47.611
47.6421
47.6905
47.7141
47.7595
47.7639
47.7582
46.4457
46.8116
46.7601
47.1459
46.7446
47.1286
46.9126
47.1603
47.0823
47.1561
47.4424
47.5877
47.7963
47.972
48.0468
48.1854
48.1361
48.0245
48.0744
47.9343
47.9835
47.8748
47.9252
47.8643
47.8559
47.8111
47.8154
47.9008
47.9822
48.0157
48.0893
48.1249
48.1885
48.2114
48.1078
48.1298
48.0659
48.0845
48.0502
48.0247
47.9905
47.9794
47.9368
47.9455
47.9652
48.0158
48.0458
48.0871
48.1315
48.1457
48.1585
48.1161
48.1301
48.105
48.0919
48.0659
48.0602
48.0267
48.0324
44.6962
46.813
47.7705
48.3178
48.7068
48.7001
48.9307
49.0161
48.9596
48.7222
48.558
48.3997
48.3461
48.1817
48.2279
48.0092
48.0666
47.9593
47.9627
47.9768
48.005
48.1094
48.1785
48.2452
48.3262
48.2659
48.1928
48.1828
48.1069
48.1359
48.0385
48.0649
48.0073
48.011
47.9597
47.935
47.9603
48.01
48.051
48.106
48.1191
48.1292
48.1029
48.0558
48.0776
48.0048
48.0273
47.9931
47.9953
47.9693
47.9487
47.9231
47.9314
47.9347
47.9776
47.9915
48.0316
48.0672
48.0918
48.7148
47.0267
47.6365
47.2166
47.2702
47.1826
47.1362
47.0924
47.2415
47.1117
47.2813
47.3001
47.5284
47.718
47.8273
47.9818
48.0408
48.167
48.0824
48.0485
47.9838
47.9388
47.8723
47.9126
47.8393
47.8837
47.7666
47.8076
47.8053
47.8911
47.9683
48.0109
48.0797
48.1065
48.1134
48.0519
48.0501
48.021
47.9926
47.9583
47.9537
47.9257
47.944
47.9026
47.9262
47.945
47.9951
48.0285
48.0708
48.1148
48.1372
48.1481
48.0887
48.1024
48.0746
48.0809
48.0564
48.0441
48.0198
47.8628
47.2497
47.7387
48.2073
48.6172
48.649
48.881
48.9685
49.1105
49.1051
48.7723
48.7965
48.5229
48.551
48.3831
48.3864
48.2851
48.2278
48.1427
48.1283
48.2306
48.3228
48.3756
48.4557
48.4701
48.3945
48.4117
48.289
48.3092
48.2077
48.2269
48.1788
48.1435
48.1038
48.089
48.0268
48.0455
48.059
48.1165
48.1656
48.1956
48.2459
48.2333
48.2397
48.2051
48.1786
48.1543
48.1441
48.1511
48.1666
48.095
48.1111
48.0713
48.0764
48.1168
48.128
48.1658
48.199
48.2158
50.302
49.0146
48.1961
48.3825
47.5939
47.8266
47.4712
47.5556
47.4686
47.4005
46.9176
46.9077
47.0958
47.321
47.4272
47.6062
47.7646
47.8387
47.8918
47.7589
47.7828
47.7342
47.6933
47.6499
47.6626
47.7072
47.754
47.6557
47.6975
47.747
47.8296
47.9069
47.9562
48.0243
48.0443
48.0586
47.994
47.9938
47.9657
47.9562
47.9238
47.9158
47.8853
47.8978
47.8582
47.8841
47.9046
47.9543
47.9943
48.0316
48.0754
48.0918
48.1075
48.0665
48.0806
48.0563
48.047
48.0231
48.0074
46.6696
47.3053
47.0133
47.4244
47.6909
48.1248
48.3111
48.5602
48.7526
48.5696
48.5933
48.291
48.3214
48.151
48.1558
48.0619
47.9939
47.9236
47.9041
47.8457
47.8897
47.9545
48.0563
48.0997
48.1877
48.2582
48.3024
48.3246
48.2061
48.223
48.151
48.1242
48.0833
48.0587
48.0152
48.04
47.9613
47.9871
48.0287
48.0769
48.1305
48.143
48.1931
48.2246
48.2183
48.1798
48.1592
48.115
48.1123
48.0556
48.0784
48.0273
48.0468
48.0203
48.016
48.032
48.0505
48.0893
48.1262
49.0107
49.6567
49.0796
48.2151
48.3427
47.7683
47.9338
47.7122
47.8185
47.7074
47.6039
47.5424
47.6054
47.6282
47.8037
47.8676
48.0104
48.1327
48.1919
48.2232
48.0659
48.1026
48.045
48.0089
47.9524
47.933
47.8811
47.9104
47.8121
47.842
47.8365
47.9137
47.9859
48.0183
48.0832
48.1158
48.1298
48.0856
48.062
47.2681
47.2683
47.2548
47.2788
47.2343
47.2672
47.2219
47.2567
47.2874
47.3277
47.3871
47.42
47.4755
47.5283
47.5229
47.5071
47.5023
47.4841
47.51
47.4716
48.8738
46.9526
47.6472
47.3905
47.4082
47.889
48.0797
48.3454
48.5611
48.4384
48.2403
48.1919
48.2472
48.3035
48.0537
48.1068
47.9839
48.0237
48.0603
48.0896
48.194
48.2612
48.3332
48.2694
48.2059
48.1297
48.1413
48.0708
48.1033
47.9804
48.0095
47.9367
47.9608
48.0297
48.053
48.1146
48.1519
48.149
48.1004
48.0867
48.0501
48.0424
48.0087
48.0247
47.9632
47.9712
47.9996
48.0484
48.0945
48.1176
48.1266
48.0674
48.084
48.0578
48.0502
48.0276
48.0144
47.9907
48.0045
48.009
50.3132
49.6138
49.8313
49.8296
49.819
49.6093
48.8815
48.8869
48.5233
48.5596
48.4023
48.281
48.1543
48.0983
48.0107
48.0667
48.1434
48.2612
48.2937
48.394
48.4784
48.5356
48.5582
48.4164
48.4349
48.324
48.3431
48.2839
48.2421
48.1944
48.1964
48.1334
48.1423
48.1527
48.2135
48.264
48.2959
48.3488
48.3604
48.3651
48.3244
48.304
48.2662
48.2556
48.2208
48.2376
48.1687
48.1716
48.1109
48.1123
48.1273
48.1395
48.1803
48.2067
48.2352
48.2715
48.2415
48.2143
48.2203
45.8168
47.1951
46.3087
46.8778
46.7126
46.9116
46.8848
46.9873
46.9731
47.1282
47.2988
47.5448
47.6768
47.8521
47.9243
47.7397
47.7849
47.652
47.6705
47.6188
47.5998
47.5715
47.608
47.5386
47.5722
47.6172
47.7159
47.8039
47.87
47.9509
47.9771
48.0043
47.9301
47.9378
47.902
47.8935
47.8594
47.8521
47.8202
47.8368
47.7878
47.8008
47.7851
47.8425
47.8912
47.932
47.9823
47.9997
48.0144
47.9723
47.9825
48.0011
47.9874
47.9615
47.9475
47.9211
47.9272
47.8954
47.9033
47.0724
48.6963
49.0872
49.3059
49.5019
49.0145
48.9808
48.5434
48.5848
48.3502
48.2488
48.1107
48.0451
47.9464
47.98
47.8694
47.9285
47.9739
48.0961
48.1762
48.2684
48.359
48.1921
48.2789
48.2416
48.2668
48.1875
48.1723
48.1209
48.0785
48.0395
48.0578
47.986
48.0074
47.9288
47.994
48.0554
48.0827
48.1393
48.1667
48.2152
48.1789
48.1521
48.118
48.1105
48.0768
48.0979
48.0326
48.0507
47.9996
47.9972
47.9674
47.9444
47.9881
48.0247
48.0507
48.09
48.104
48.0794
48.983
47.3013
48.0025
47.9591
48.0389
47.821
47.7694
47.5999
47.5695
47.4033
47.5224
47.6181
47.825
47.9525
48.0691
48.2091
48.0266
48.0641
47.9535
47.9376
47.8792
47.8339
47.7579
47.7798
47.6822
47.7329
47.6322
47.6915
47.7816
47.8252
47.9053
47.9481
48.0184
47.9659
47.9386
47.9007
47.8835
47.1248
47.1217
47.0685
47.1088
47.0737
47.1187
47.1087
47.1293
47.1984
47.2405
47.3041
47.3644
47.4023
47.3859
47.3828
47.3621
47.3918
47.3516
47.3794
47.3397
47.3695
47.3577
48.0786
47.4275
47.9754
48.5564
48.9044
48.947
49.1338
48.884
48.5593
48.6004
48.2633
48.3183
48.1284
48.1743
48.0743
48.0283
48.1621
48.2358
48.3278
48.4244
48.3375
48.2287
48.2047
48.1157
48.1256
47.9907
48.025
47.9623
47.983
47.9372
47.9628
48.0358
48.0925
48.1373
48.1333
48.0982
48.057
48.0564
47.9846
48.0109
47.947
47.973
47.9316
47.9389
47.9916
48.0117
48.0598
48.0827
48.0666
48.037
48.0199
47.9882
47.9978
47.9497
47.9696
47.9279
47.948
47.9655
47.9877
48.0261
49.1612
49.7257
48.5887
48.219
47.9053
47.7956
47.5895
47.6998
47.46
47.614
47.4155
47.5393
47.4614
47.5045
47.6894
47.7586
47.9069
48.0235
48.1028
48.2126
48.1767
48.1048
48.1079
48.0139
48.0498
47.9323
47.9673
47.8979
47.9192
47.8702
47.826
47.9005
47.9567
48.0119
48.0773
48.0916
48.1512
48.1559
48.0906
48.1128
48.0229
48.043
47.996
48.0072
47.9634
47.936
47.9089
47.9124
47.9287
47.9753
47.9906
48.0352
48.0647
48.0999
48.1134
48.0461
48.0606
48.0248
48.0299
46.7471
46.8709
46.8046
47.1513
46.9581
47.165
47.3906
47.7541
47.9184
48.1219
48.3201
48.1676
48.2217
48.0319
48.0471
47.9596
47.9007
47.829
47.8215
47.7401
47.7975
47.6712
47.7318
47.8098
47.8995
47.9919
48.0226
48.104
48.0253
48.031
47.9869
47.953
47.9139
47.9068
47.8647
47.8816
47.8087
47.8413
47.7936
47.8158
47.8761
47.8987
47.9538
47.9871
48.0332
48.082
48.0583
48.0292
48.0199
47.9799
48.0027
47.9427
47.9614
47.9258
47.9352
47.9122
47.8868
47.927
47.9549
49.9112
50.1045
49.6242
49.7903
49.3899
48.759
48.8266
48.3467
48.4064
48.1752
48.1778
48.0499
47.9351
48.0045
48.0118
48.035
48.1654
48.1874
48.2984
48.3726
48.4377
48.4669
46.7494
46.8469
46.8228
46.863
46.9372
46.9375
46.9262
46.9707
46.9312
46.9696
47.0201
47.1168
47.2031
47.2684
47.3503
47.2979
47.3373
47.3177
47.3242
47.3096
47.3022
47.2825
47.3123
47.2679
47.2985
47.254
47.2902
47.3502
47.3861
47.4421
47.4747
47.5272
47.5111
47.5036
47.4872
47.4839
47.4598
48.9442
46.8721
47.4812
47.0285
47.4055
47.6656
47.8062
48.1184
48.2926
48.4331
48.272
48.1609
48.0197
48.0405
46.1974
46.3654
46.2849
46.4136
46.4281
46.5001
46.6813
46.7992
46.9476
47.0872
47.0992
47.0792
47.0969
47.0452
47.0915
47.0025
47.0637
47.0194
47.0543
47.11
47.1593
47.2464
47.3266
47.3832
47.4001
47.4041
47.3808
47.4024
47.3453
47.3813
47.3295
47.3545
47.3868
47.3874
47.4469
47.484
47.536
47.589
47.585
47.5669
47.5717
47.5467
47.5629
47.5103
47.5334
47.504
48.4291
48.6499
48.6835
49.089
49.2726
49.3115
48.9746
48.8177
48.5822
48.5953
48.2599
48.2674
48.025
48.0943
47.9836
47.9626
48.0999
48.1741
48.272
48.3717
48.2864
48.2086
48.2142
48.1306
48.1439
47.9964
48.0314
47.9481
47.9458
47.9785
48.0036
48.0754
48.1345
48.1729
48.1232
48.0968
48.0567
48.0776
47.9944
48.0163
47.9572
47.9706
47.9229
47.943
47.9954
48.0286
48.0678
48.1142
48.0945
48.0566
48.0639
48.0153
48.0324
47.9744
47.9914
47.9539
47.9524
47.9925
48.0108
48.0489
50.2917
49.6968
48.6796
48.3621
47.9052
48.0864
47.6202
47.7887
47.5093
47.6114
47.5263
47.4939
47.4319
47.5868
47.7446
47.9034
47.9532
48.0816
48.1561
48.0325
48.0802
47.9336
47.959
47.8664
47.8821
47.8383
47.8066
47.7659
47.7834
47.7328
47.7643
47.7918
47.8671
47.9311
47.9767
48.0402
47.9481
47.9738
47.9345
47.9287
47.8987
47.8804
47.8516
47.8709
47.8258
47.8374
47.7686
47.7949
47.8444
47.8746
47.9222
47.9409
47.9855
47.9581
47.9586
47.932
47.9269
47.9051
47.9094
44.944
46.8302
46.2738
46.9675
46.9014
47.1289
47.3791
47.5697
47.871
48.0934
48.2127
48.3885
48.333
48.3429
48.3541
48.1402
48.1844
48.035
48.0832
48.0094
48.0082
47.9465
47.9087
47.9423
48.0366
48.0891
48.1707
48.2006
48.2726
48.2758
48.169
48.1907
48.0967
48.1253
48.086
48.0753
48.0356
48.0135
47.9776
47.9961
47.9903
48.0452
48.0707
48.1216
48.1696
48.1892
48.1968
48.1441
48.1608
48.1323
48.1139
48.0862
48.0734
48.047
48.0641
48.0157
48.0313
48.0162
48.0532
50.2657
49.6385
49.8567
49.7328
49.5347
49.0649
48.828
48.5564
48.4559
48.2602
48.2836
48.0192
48.0427
47.8562
47.9061
47.9428
48.0008
48.1295
48.1989
48.2871
48.3827
48.3368
48.2609
48.2342
48.1575
48.1899
48.0476
48.0761
47.9842
48.0091
47.9591
47.9412
47.972
48.0201
48.0779
48.1398
48.1563
48.2126
48.2151
48.1526
48.1666
48.0758
48.085
48.0398
48.0451
48.0109
47.9893
47.9608
47.9675
47.9839
48.0294
48.04
48.0826
48.114
48.1441
48.1445
48.0772
48.0873
48.0457
48.0671
47.3669
47.3062
47.2147
47.473
47.6477
47.8324
47.9465
48.2082
48.3781
48.491
48.6417
48.6411
48.629
48.4505
48.4076
48.3132
48.245
48.1617
48.1768
48.0839
48.1291
47.9987
48.035
48.1153
48.1702
48.2493
48.2696
48.3393
48.3929
48.3762
48.3202
48.2825
48.2383
48.2543
48.1842
48.2031
48.1288
48.1429
48.0851
48.0701
48.0858
48.1053
48.1552
48.2027
48.2258
48.27
48.2589
48.2221
48.2279
48.1716
48.189
48.1394
48.1503
48.1128
48.1045
48.0803
48.0745
48.0891
50.2527
49.5907
49.8278
49.72
49.7839
49.6415
48.9899
48.9795
48.5795
48.5598
48.397
48.268
48.1423
48.1162
47.9984
48.0569
48.0883
48.2112
48.2987
48.3692
48.46
48.4721
48.4596
48.3405
48.3314
48.2652
48.2132
48.2332
48.252
48.1716
48.1832
48.0886
48.114
48.1317
48.1693
48.2277
48.2456
48.2996
48.3488
48.3362
48.2916
48.2642
48.2252
48.2422
48.1798
48.1953
48.1409
48.1566
48.0298
48.0165
48.0608
48.0816
48.1233
48.1627
48.1813
48.1788
48.1723
48.146
48.1526
45.3233
47.3769
46.8484
47.438
47.2859
47.3655
47.2751
47.2609
47.5885
47.8568
47.9609
48.1541
48.238
48.2129
48.2697
48.0843
48.1325
48.0003
48.0463
47.9799
47.9492
47.8914
47.8735
47.8052
47.841
47.8822
47.9716
48.0199
48.0926
48.166
48.0674
48.0926
48.0252
48.0385
48.0018
47.9674
47.9917
47.9841
47.9407
47.96
47.886
47.9119
47.9528
47.999
48.0501
48.0654
48.1129
48.0693
48.0784
48.0459
48.0229
47.9846
47.9836
47.9534
47.9731
47.9191
47.9358
47.9025
47.9106
50.3101
49.4385
49.7251
49.7184
49.7307
49.1862
48.8013
48.5222
48.4612
48.4519
48.5051
48.1786
48.2506
48.1064
48.127
48.038
48.074
48.1982
48.2852
48.3504
48.4415
48.4504
48.3528
48.361
48.263
48.2896
48.1729
48.1982
48.137
48.1417
48.0948
48.0629
48.0163
48.0733
48.1168
48.1764
48.1895
48.2455
48.2893
48.2255
48.2415
48.1704
48.1881
48.149
48.1451
48.114
48.0894
48.0591
48.0621
48.0062
48.0198
48.0388
48.0814
48.1223
48.1432
48.1815
48.1306
48.1358
48.1161
47.5924
47.1219
47.2027
46.9861
47.2582
46.8305
47.099
46.9091
47.1361
47.4539
47.5808
47.804
47.9283
48.0822
48.0028
47.9602
47.882
47.8654
47.7476
47.7857
47.6489
47.6965
47.6096
47.6633
47.6249
47.5818
47.6824
47.7571
47.824
47.9064
47.9304
47.8884
47.8902
47.8111
47.8417
47.755
47.7727
47.7375
47.7451
47.7181
47.697
47.6714
47.6917
47.7304
47.7875
47.8141
47.8665
47.9168
47.8529
47.8669
47.8101
47.8327
47.8154
47.8163
47.7945
47.7829
47.7592
47.7795
47.7793
48.8755
49.0482
49.4517
49.6549
49.5582
49.6817
49.2986
49.2481
48.9698
48.8309
48.6352
48.5392
48.3921
48.4159
48.2145
48.2603
48.0775
48.1033
48.215
48.2552
48.353
48.3938
48.4728
48.4544
48.4114
48.3415
48.3159
48.2463
48.2558
48.1528
48.1777
48.0873
48.1002
48.0404
48.0263
48.0529
48.0904
48.1442
48.1996
48.2177
48.2675
48.2486
48.2027
48.2095
48.126
48.1443
48.0982
48.104
48.064
48.0417
48.014
48.0141
48.0288
48.0707
48.0796
48.1193
48.1464
48.1747
48.1854
44.5487
46.7935
46.6456
46.9458
46.8928
46.872
46.8327
47.0385
46.9315
47.1319
47.2872
47.5379
47.7417
47.8543
48.0148
47.8188
47.8822
47.8163
47.7914
47.7348
47.7127
47.6724
47.7293
47.7338
47.7916
47.7008
47.744
47.8341
47.877
47.9576
47.9998
48.0684
48.0167
47.9818
47.9421
47.9367
47.8984
47.9264
47.8528
47.8781
47.8287
47.846
47.8134
47.8004
47.8557
47.8929
47.933
47.9815
47.9969
48.0429
48.0468
48.0117
48.0295
47.9618
47.9809
47.9358
47.9479
47.9667
47.9526
46.6575
47.1272
46.7164
47.5902
47.8136
48.2284
48.4256
48.606
48.7912
48.3345
48.3841
48.2041
48.2202
48.1079
48.0199
47.9308
47.9185
47.8035
47.8609
47.7135
47.837
47.9329
48.0081
48.102
48.121
48.2048
48.1347
48.1205
48.0683
48.0249
47.9725
47.9753
47.9162
47.9462
47.8644
47.8941
47.8363
47.8449
47.9077
47.9289
47.9868
48.0336
48.0701
48.0289
48
47.9591
47.9759
47.9295
47.9509
47.8987
47.9188
47.8891
47.8916
47.8686
47.8874
47.9304
47.9681
47.9934
48.0316
48.8086
47.5585
47.9819
47.4102
47.7392
47.2918
47.5449
47.4369
47.5026
47.425
47.4388
47.372
47.5829
47.7022
47.8728
47.9431
48.0819
48.2054
48.0579
48.0978
47.9494
48.0012
47.9476
47.9392
47.8859
47.875
47.8275
47.8404
47.7418
47.7737
47.816
47.8939
47.967
48
48.066
47.9964
48.0092
47.9722
47.9526
47.9203
47.9107
47.8735
47.8816
47.815
47.8349
47.7891
47.8164
47.8682
47.8915
47.9398
47.9669
48.0083
47.9815
47.9633
47.9384
47.9303
47.8973
47.9157
47.8607
49.0382
47.5186
47.9521
47.6254
47.8334
48.2384
48.4298
48.6039
48.7887
48.766
48.5433
48.485
48.2376
48.2908
48.084
48.1415
48.0137
48.0407
47.9697
47.9181
47.8589
47.9612
48.0254
48.1185
48.1493
48.2311
48.303
48.1831
48.215
48.1254
48.1518
48.108
48.0867
48.0459
48.033
48.0011
48.0199
47.9407
47.9502
47.9802
48.0373
48.0914
48.1127
48.1624
48.1089
48.1231
48.0878
48.0664
48.0369
48.0242
47.9915
48.0119
47.944
47.9536
47.9092
47.9246
47.9667
47.9802
48.0204
49.5135
49.7399
48.706
48.2113
47.8704
47.8391
47.6073
47.7058
47.3354
47.4943
47.3155
47.4303
47.3683
47.3561
47.5528
47.6911
47.8196
