0.236846
0.311867
0.418541
0.553753
0.666898
0.69866
0.700208
0.7003
0.699955
0.700376
0.69949
0.700056
0.700094
0.699854
0.700018
0.69949
0.700258
0.700623
0.699554
0.699867
0.700215
0.699722
0.70045
0.699369
0.700359
0.700357
0.699719
0.699966
0.700188
0.699551
0.700182
0.700202
0.699704
0.70036
0.699533
0.700539
0.699686
0.700022
0.699762
0.700733
0.699783
0.700192
0.699616
0.699993
0.6999
0.699952
0.700017
0.700214
0.699847
0.699922
0.700122
0.699787
0.699774
0.701176
0.6985
0.701072
0.699674
0.70016
0.699021
0.700798
0.699693
0.700011
0.699844
0.700044
0.700242
0.699762
0.700342
0.699887
0.700379
0.699301
0.701188
0.698588
0.70092
0.699941
0.699494
0.700737
0.699033
0.700926
0.699014
0.700225
0.700641
0.700089
0.699516
0.700008
0.70032
0.699597
0.700314
0.700293
0.699973
0.69965
0.700277
0.700337
0.698974
0.70031
0.700401
0.699263
0.700657
0.699825
