0.479568
0.688694
0.706025
0.689735
0.712055
0.69287
0.702898
0.700494
0.700629
0.696777
0.702546
0.694592
0.706887
0.694897
0.703648
0.689954
0.713181
0.696105
0.700272
0.693444
0.704896
0.704049
0.696477
0.700455
0.700669
0.701219
0.699288
0.689765
0.713998
0.691478
0.707074
0.694832
0.704851
0.697799
0.699935
0.698597
0.702751
0.680077
0.726836
0.688632
0.704347
0.698486
0.699855
0.701365
0.697723
0.701991
0.697072
0.703815
0.697878
0.699875
0.702174
0.678127
0.729311
0.679612
0.715895
0.69284
0.705029
0.68373
0.718445
0.692311
0.70377
0.697583
0.700841
0.702107
0.69007
0.707771
0.700537
0.701057
0.672888
0.739077
0.666386
0.730007
0.688035
0.687569
0.722388
0.676153
0.723838
0.689299
0.695815
0.703559
0.702953
0.70245
0.69812
0.701655
0.698884
0.700585
0.698474
0.702701
0.698563
0.698475
0.702337
0.698538
0.702003
0.698384
0.699453
0.701865
0.698002
