0.452137
0.646541
0.698096
0.689178
0.711132
0.697519
0.697881
0.703081
0.697761
0.703437
0.695163
0.704432
0.697483
0.701758
0.696407
0.704953
0.688608
0.710174
0.699362
0.699904
0.699492
0.693181
0.709219
0.695596
0.702074
0.69887
0.701035
0.699572
0.700022
0.699932
0.693689
0.709346
0.696016
0.703171
0.698127
0.702126
0.696885
0.70285
0.694134
0.706986
0.698461
0.698806
0.699801
0.698926
0.70255
0.695927
0.704575
0.695684
0.705899
0.696591
0.697796
0.703545
0.697749
0.705121
0.689758
0.707486
0.697278
0.703245
0.697579
0.700737
0.692552
0.706938
0.700561
0.697842
0.701252
0.702268
0.698564
0.696518
0.7042
0.700628
0.69892
0.702911
0.696827
0.701881
0.690384
0.708402
0.70255
0.69527
0.702795
0.689345
0.710423
0.699372
0.698939
0.692827
0.701034
0.707962
0.697478
0.702228
0.699771
0.700644
0.700892
0.696439
0.703176
0.694931
0.706201
0.696272
0.701329
0.69744
0.702465
