0.00768218
4.17642
5.47133
6.14995
6.1501
6.14399
6.15021
6.12327
6.03407
5.94129
5.88177
5.80748
5.78711
5.74168
5.70306
5.68851
5.67212
5.65224
5.65434
5.63213
5.6099
5.63886
5.58418
5.55644
5.60987
5.50307
5.54098
5.48475
5.48256
5.5092
5.49639
5.44709
5.44787
5.52048
5.5105
5.47656
5.44941
5.45031
5.43931
5.43233
5.43461
5.39292
5.38038
5.42491
5.39712
5.37374
5.35771
5.35411
5.36013
5.3993
5.39173
5.42598
5.43892
5.48121
5.46827
5.43096
5.43061
5.49127
5.41108
5.40921
5.42327
5.41475
5.35192
5.35297
5.3789
5.32369
5.35013
5.38616
5.322
5.34552
5.38009
5.32192
5.3495
5.38254
5.31902
5.35493
5.37068
5.32023
5.36805
5.39467
5.36265
5.43775
5.37789
5.36977
5.43708
5.36437
5.39853
5.40773
5.35666
5.43369
5.37562
5.37017
5.37489
5.30391
5.40902
5.37269
5.37975
5.46985
5.40579
5.423
2.0375
