0.3
0.215504
0.145876
0.100332
0.0887225
0.0911149
0.090455
0.0905722
0.0907207
0.0905067
0.0906473
0.0904742
0.0907753
0.0905165
0.0906429
0.0906526
0.0906809
0.0906597
0.0906175
0.0906641
0.0906582
0.090576
0.0905364
0.0906021
0.0906331
0.0906785
0.0905657
0.0906463
0.0906306
0.0906171
0.0907302
0.0906703
0.0906895
0.0906752
0.0906825
0.090682
0.090662
0.0906958
0.0906453
0.0906794
0.0906113
0.0906879
0.0905848
0.0907204
0.0906147
0.0906858
0.0905976
0.0906748
0.090614
0.0907026
0.0906324
0.0906548
0.0906478
0.0907496
0.0905639
0.0907514
0.0906411
0.0906381
0.0905489
0.0906499
0.0905756
0.0906489
0.0905834
0.0905758
0.0906641
0.0905409
0.0906373
0.0905667
0.0905434
0.0906993
0.0905357
0.0906242
0.0905778
0.0906052
0.0906158
0.0906179
0.0906372
0.0905881
0.0905353
0.0906364
0.0906476
0.0906111
0.0905446
0.0906148
0.0904941
0.0906508
0.0905142
0.0906432
0.0904979
0.0905862
0.0906553
0.090494
0.0905815
0.0905679
0.0905136
0.0906879
0.0905605
