0.0314014
0.378768
0.486671
0.57265
0.677141
0.752478
0.747051
0.809737
0.798643
0.812311
0.779204
0.807691
0.808524
0.80679
0.785503
0.804012
0.801346
0.8027
0.795581
0.798982
0.797062
0.803412
0.805828
0.801719
0.798814
0.801649
0.803828
0.797192
0.789019
0.800474
0.793635
0.816159
0.804302
0.793876
0.79369
0.800521
0.810118
0.805851
0.790375
0.804944
0.779599
0.809329
0.788779
0.801662
0.81458
0.80876
0.796014
0.798904
0.781185
0.803794
0.817996
0.800612
0.776367
0.804544
0.793033
0.818468
0.806559
0.793585
0.783478
0.807704
0.77645
0.818988
0.81455
0.789848
0.811268
0.798128
0.805679
0.783688
0.793054
0.806897
0.786145
0.810269
0.818715
0.792121
0.807604
0.804839
0.780766
0.79723
0.813319
0.804344
0.794204
0.777776
0.820139
0.803084
0.807848
0.792486
0.80255
0.794892
0.798431
0.796775
0.795837
0.802312
0.798828
0.799145
0.807601
0.795237
0.802825
