0.479396
0.856087
0.756026
0.840074
0.762975
0.822473
0.779974
0.83041
0.764114
0.829492
0.780766
0.814486
0.787365
0.808179
0.798015
0.802685
0.795388
0.804074
0.796869
0.804067
0.793684
0.802599
0.802885
0.796138
0.804495
0.795752
0.804352
0.794585
0.794015
0.815531
0.790116
0.802619
0.802049
0.797834
0.800544
0.802713
0.796
0.799468
0.806572
0.791135
0.809061
0.791329
0.8079
0.792188
0.807124
0.793572
0.806265
0.794399
0.805206
0.790027
0.811446
0.790761
0.813187
0.784708
0.816099
0.782912
0.813548
0.788596
0.812653
0.788124
0.79931
0.810584
0.791244
0.80788
0.791685
0.799812
0.810053
0.788484
0.813876
0.78533
0.813093
0.788551
0.806893
0.797173
0.801343
0.799295
0.801327
0.795993
0.805327
0.795785
0.805305
0.791896
0.80613
0.797452
0.802921
0.796961
0.80077
0.800993
0.79941
0.796517
0.808464
0.789417
0.812674
0.786724
0.808612
0.795691
0.806385
0.792378
