0.3
0.222849
0.158643
0.114158
0.0962438
0.0958416
0.0959489
0.0959217
0.0959668
0.0959708
0.0960595
0.0959688
0.0962064
0.0965222
0.0963951
0.0964824
0.0964703
0.0964796
0.096429
0.0964475
0.0965005
0.0964511
0.0965038
0.0964773
0.0964441
0.0964379
0.0964375
0.0964652
0.0963857
0.0964633
0.0964408
0.0963892
0.0964838
0.096412
0.096503
0.0964125
0.0964434
0.0964912
0.0964195
0.09651
0.0964183
0.0964454
0.0964716
0.0963849
0.0964838
0.0964461
0.0964639
0.0965307
0.0964316
0.0964229
0.0964729
0.0963823
0.0965188
0.0963873
0.0964784
0.0963831
0.096446
0.0963884
0.0964242
0.0963611
0.0964328
0.0963811
0.0963921
0.0964334
0.0963863
0.0964219
0.096438
0.0964132
0.0964187
0.0963635
0.0964734
0.0964184
0.0964286
0.0964389
0.0963837
0.0964102
0.0963778
0.0964024
0.0963332
0.0964498
0.0963486
0.0963623
0.0964406
0.0964409
0.0963364
0.096475
0.0963302
0.096409
0.096402
0.0963755
0.0964186
0.096434
0.0964267
0.0963503
0.0963966
0.0964413
0.0963439
0.0964318
