0.4
0.306654
0.25782
0.217511
0.188479
0.170272
0.163397
0.159196
0.156677
0.156056
0.154282
0.154789
0.15576
0.155401
0.15647
0.156948
0.15781
0.156521
0.156408
0.15737
0.158386
0.150925
0.156328
0.155125
0.156073
0.155059
0.156044
0.156134
0.157887
0.156012
0.15746
0.155117
0.155055
0.156338
0.156584
0.156063
0.15652
0.157854
0.156191
0.155897
0.156434
0.156519
0.158031
0.153504
0.156973
0.157004
0.157657
0.155584
0.157433
0.155891
0.155299
0.156216
0.155654
0.156507
0.156383
0.15584
0.15639
0.15614
0.155256
0.154696
0.155859
0.154353
0.157389
0.1582
0.15846
0.157367
0.15559
0.157807
0.155704
0.153915
0.154395
0.15464
0.154937
0.155065
0.157542
0.15712
0.156205
0.157759
0.156242
0.153709
0.154787
0.156212
0.155037
0.157437
0.156431
0.157464
0.15693
0.157696
0.155549
0.154621
0.156618
0.156524
0.155478
0.155268
0.154469
0.156625
