0.25
0.156806
0.157848
0.159815
0.160155
0.159449
0.160676
0.159307
0.160664
0.159101
0.160468
0.159682
0.160158
0.16145
0.159529
0.160986
0.160642
0.160859
0.160466
0.159959
0.16115
0.160097
0.160589
0.161465
0.160281
0.160335
0.16128
0.160415
0.16037
0.160471
0.161071
0.159984
0.161142
0.159934
0.161283
0.160052
0.157201
0.162628
0.159591
0.161044
0.160628
0.160097
0.160979
0.157626
0.162156
0.159464
0.160984
0.160785
0.160342
0.160268
0.16059
0.156683
0.16333
0.158642
0.161688
0.159484
0.160748
0.160624
0.160049
0.160402
0.160842
0.159938
0.160712
0.160085
0.161151
0.160034
0.159767
0.160275
0.160706
0.159895
0.160834
0.160165
0.160566
0.160869
0.160152
0.160722
0.159493
0.161194
0.159305
0.161254
0.160446
0.160452
0.156247
0.163298
0.157876
0.161797
0.159268
0.161192
0.16009
0.1598
0.160926
0.1598
0.161191
0.160029
0.160667
0.160038
0.160409
0.160072
