3.67718
3.39968
17.9756
23.7556
28.6203
31.7655
34.1659
35.672
37.0802
38.1605
38.8175
39.6357
40.346
40.77
41.1103
41.4916
41.9097
42.1713
42.5074
42.7969
42.9303
43.1456
43.3995
43.6137
43.7229
43.8686
43.9947
44.0886
44.2431
44.3917
44.425
44.4498
44.5876
44.704
44.7492
44.8779
44.9462
44.9905
45.0823
45.1786
49.3965
48.9996
49.2603
49.1545
48.1863
47.9352
47.7618
47.7882
47.5638
47.6294
47.5588
47.6127
47.4077
47.4943
47.3339
47.4111
47.3302
47.3869
47.3119
47.3111
47.4486
47.5215
47.6405
47.7089
47.8098
47.896
47.9744
48.0548
48.0271
47.9579
47.9893
47.9465
47.9391
47.8803
47.8852
47.827
47.8568
47.7754
47.7864
47.7112
47.7318
47.6772
47.698
47.6591
47.6715
47.727
47.7587
47.8101
47.8334
47.8825
47.8953
47.9412
47.9843
47.9804
47.9504
47.934
47.8994
47.8842
46.3334
47.1554
46.7002
47.1038
47.479
47.9412
47.9362
47.9505
47.9787
47.6402
47.692
47.4892
47.6963
47.8793
47.669
47.703
47.5644
47.6086
47.0524
47.0503
47.2021
47.3018
47.3431
47.2905
47.3584
47.4066
47.4108
47.4458
47.5414
47.5982
47.6323
47.634
47.591
47.613
47.5455
47.5652
47.612
47.6819
47.7062
47.6368
47.6506
47.5836
47.5979
47.6116
47.6517
47.708
47.6508
47.6624
47.6282
47.6245
47.5922
47.6212
47.6714
47.7173
47.7124
47.681
47.6667
47.6371
47.6409
47.6733
47.7155
47.7357
47.7092
47.7224
47.301
47.8508
46.7977
47.6696
48.1484
48.4127
48.383
47.9188
47.9504
47.7255
47.7229
47.9272
48.0004
48.1613
48.0034
47.9754
47.8661
47.8155
47.7504
47.8626
47.9454
48.05
48.0124
48.0208
48.0289
47.9349
47.9486
47.9878
48.0656
48.1374
48.0374
48.0554
47.9635
47.9812
47.924
47.9627
48.025
48.056
48.0598
48.0069
47.9874
47.9394
47.9242
47.9776
48.0275
48.0536
48.008
48.0349
47.9998
48.0076
47.9919
48.0354
48.0639
48.1043
48.106
48.0436
48.0467
48.0005
48.0032
48.0404
48.0556
48.0909
48.0486
48.0509
48.4524
47.6582
47.0847
47.7085
48.1826
48.5246
48.3052
48.0126
47.9595
47.7755
47.8265
47.5715
47.7734
47.8883
48.0472
48.0826
47.8818
47.8987
47.7569
47.798
47.7116
47.7763
47.8842
47.9433
47.9595
47.9037
47.8715
47.819
47.8036
47.7421
47.8218
47.8656
47.9369
47.9197
47.8636
47.878
47.7965
47.8073
47.7379
47.8009
47.8607
47.8936
47.9118
47.9023
47.9153
47.8789
47.8659
47.8314
47.8572
47.9052
47.9512
47.9367
47.8994
47.8851
47.856
47.865
47.8207
47.8619
47.8831
47.923
47.9324
47.8842
47.8988
46.9432
47.5769
47.0363
47.6088
48.1348
47.6676
47.7498
47.5462
47.4876
47.5607
47.5588
47.7856
47.9737
47.9097
47.9294
47.9049
47.7926
47.8193
47.6673
47.7965
47.8795
47.78
47.813
47.6826
47.7037
47.6164
47.6458
47.7384
47.7801
47.7962
47.723
47.7345
47.682
47.6553
47.6248
47.6855
47.7433
47.6968
47.7247
47.6914
47.6997
47.6536
47.6698
47.6972
47.754
47.7583
47.7061
47.72
47.6591
47.6763
47.6864
47.7231
47.7702
47.7162
47.7255
47.7327
47.7296
47.6993
47.6866
47.7292
47.7688
47.7631
47.7404
47.7277
46.2987
47.2904
47.4427
48.1395
48.3529
47.9609
48.0193
47.8821
47.9532
47.6687
47.7584
47.9644
48.0611
48.0713
48.0292
48.0479
47.9283
47.8861
47.9134
47.9911
48.0958
48.0161
48.0496
47.9628
47.9421
47.8734
47.8908
47.9264
48.006
47.999
47.9178
47.9415
47.8395
47.8508
47.8539
47.9046
47.9673
47.8839
47.8919
47.8891
47.886
47.8428
47.87
47.9242
47.9757
47.9614
47.9315
47.9563
47.916
47.9219
47.9162
47.9612
47.9866
47.9493
47.957
47.8971
47.9029
47.859
47.8709
47.9106
47.9282
47.9364
47.8986
47.9011
46.3045
46.4542
47.7055
48.2115
48.5408
48.1718
47.9837
47.7722
47.7934
47.5803
47.8199
47.9068
48.087
48.0851
47.8923
47.9138
47.723
47.7679
47.6673
47.7679
47.8847
47.7464
47.7757
47.711
47.7038
47.6414
47.6155
47.7096
47.7935
47.7846
47.7458
47.7279
47.6846
47.6991
47.7034
47.7733
47.8099
47.7659
47.7812
47.7124
47.7326
47.6646
47.6864
47.7446
47.7794
47.7894
47.7327
47.7548
47.7688
47.7615
47.8093
47.8397
47.8854
47.8498
47.8365
47.8431
47.8377
47.8084
47.8485
47.8701
47.9088
47.9026
47.8725
47.882
44.6874
46.5336
47.5851
48.2144
48.6235
47.9946
48.0296
47.7083
47.7649
47.5922
47.7051
47.9179
48.0521
48.0367
47.9487
47.8883
47.7747
47.7809
47.8852
48.0036
48.0456
47.953
47.9623
47.8545
47.8716
47.748
47.8413
47.9269
47.9817
48.005
47.9085
47.9227
47.8704
47.8611
47.8745
47.9094
47.9726
47.9193
47.9013
47.8528
47.8343
47.7945
47.8074
47.8381
47.8926
47.8922
47.8496
47.8571
47.789
47.7971
47.8341
47.8774
47.9218
47.859
47.8659
47.8258
47.8323
47.8024
47.8202
47.861
47.8929
47.8889
47.8645
47.8789
45.9611
47.0773
47.914
48.4988
48.6062
48.204
48.2238
47.8359
47.9531
47.6591
47.898
48.0934
48.1954
48.2192
48.0086
48.0229
47.9125
47.891
48.0145
48.0791
48.1826
48.0815
48.0414
47.9815
47.9603
47.8833
47.9707
48.0123
48.0885
48.0669
47.9986
48.0003
47.9041
47.9291
47.9803
48.0387
48.0449
47.9566
47.9753
47.9155
47.9315
47.886
47.9094
47.9623
47.9592
47.9558
47.9168
47.9363
47.9101
47.9061
47.9476
47.9913
48.01
47.9762
47.9725
47.9407
47.9579
47.9376
47.9766
48.0072
48.0386
48.041
47.9863
47.9903
45.7078
46.875
47.9883
48.2134
48.6189
48.1158
48.118
47.9507
47.8503
47.661
47.657
47.8622
48.0446
48.1111
48.1181
48.087
47.9681
47.9874
47.8051
47.8256
47.9103
48.0144
48.1122
47.9786
47.9999
47.9001
47.9189
47.8499
47.8196
47.9005
47.9514
48.0218
47.9719
47.9416
47.8846
47.8732
47.8339
47.846
47.8772
47.9363
47.9732
47.9239
47.9351
47.8619
47.884
47.828
47.8508
47.9003
47.9256
47.9717
47.9171
47.9249
47.8928
47.8765
47.8536
47.8429
47.8857
47.9265
47.949
47.9628
47.9549
47.9261
47.9327
45.375
46.8481
47.6333
48.2866
48.2822
47.6989
47.864
47.5525
47.6257
47.4553
47.6016
47.8206
47.6459
47.6893
47.6112
47.5708
47.4762
47.4791
47.6128
47.7436
47.7074
47.6425
47.6482
47.5738
47.609
47.5804
47.6791
47.7524
47.677
47.7164
47.6261
47.6446
47.5833
47.5981
47.6736
47.7073
47.7292
47.6847
47.6898
47.6644
47.6917
47.7175
47.7702
47.8135
47.786
47.7637
47.7367
47.75
47.7156
47.7659
47.7898
47.8385
47.859
47.822
47.8436
47.7925
47.8074
47.8496
47.8763
47.893
47.8534
47.8647
47.8391
47.8373
48.4528
48.836
49.3345
48.7081
48.4938
48.2612
48.1542
47.9426
48.2015
48.2988
48.4779
48.4139
48.2713
48.3077
48.1128
48.1276
48.21
48.3199
48.4233
48.2649
48.2955
48.1814
48.2069
48.1435
48.1769
48.2572
48.171
48.1614
48.112
48.082
48.0334
48.0314
48.084
48.1475
48.1137
48.0733
48.0904
48.0384
48.0643
48.0896
48.143
48.1935
48.123
48.1418
48.0775
48.0956
48.0516
48.0784
48.1231
48.072
48.0796
48.0537
48.0419
48.022
48.0207
48.0597
48.0982
48.0794
48.0545
48.0528
48.0257
48.0329
48.0482
48.083
49.649
47.6954
48.1478
47.3456
47.6585
47.3873
47.5678
47.9024
48.0129
48.089
48.1344
48.1435
48.0012
47.9507
47.8651
47.9815
48.1037
48.223
48.1533
48.0586
48.0576
47.9763
47.9977
47.9655
48.0585
48.1264
48.1032
48.1289
48.0181
48.0478
47.9801
48.0015
48.0688
48.0903
48.1536
48.1116
48.1198
48.0725
48.0489
48.0697
48.0806
48.1223
48.1717
48.1882
48.1457
48.1444
48.1007
48.1065
48.0368
48.0547
48.095
48.1255
48.1373
48.0746
48.0903
48.0633
48.0628
48.0277
48.0439
48.0813
48.1148
48.1143
48.0803
46.9947
46.833
47.4496
47.0788
47.713
47.9267
48.2643
48.3431
48.0199
48.0891
47.8539
47.9441
48.1235
48.2279
48.3616
48.1418
48.1686
48.0836
48.0755
47.9837
47.9375
48.0458
48.1354
48.2032
48.1356
48.0986
48.0455
48.0597
47.9969
48.0083
48.0369
48.1076
48.119
48.0557
48.0719
47.981
48.0063
47.9472
48.0046
48.061
48.081
48.0909
48.0446
48.0628
48.0302
48.0105
48.0279
48.0581
48.1036
48.0737
48.0581
48.0295
48.0215
47.9994
48.0176
48.0393
48.078
48.0993
48.0703
48.0897
48.039
48.0555
48.016
48.6611
49.4682
49.48
49.6723
48.7454
48.7938
48.4948
48.4141
48.1593
48.2472
48.4354
48.5802
48.5192
48.3939
48.3193
48.2152
48.2109
48.071
48.1862
48.2227
48.3225
48.3416
48.2197
48.2436
48.1266
48.1572
48.2293
48.2845
48.3536
48.2533
48.2704
48.2004
48.1995
48.1544
48.117
48.1773
48.2264
48.2668
48.2816
48.2521
48.2081
48.2075
48.1643
48.1913
48.2093
48.254
48.2493
48.1922
48.2082
48.1419
48.1571
48.1207
48.1536
48.1924
48.2052
48.2118
48.1719
48.1825
48.167
48.1548
48.1302
48.1547
48.1862
50.2542
48.6161
47.8291
47.857
47.5928
47.7413
47.6939
48.0174
48.1904
47.9755
48.0734
47.811
47.897
47.7695
47.8354
47.9866
48.0459
48.1705
48.0596
48.0722
48.0093
47.9754
47.9167
47.9006
47.9935
48.0818
48.0653
48.0953
48.1029
48.0526
48.0655
47.9707
48.039
48.0814
48.1426
48.1678
48.0926
48.1141
48.0436
48.0599
48.01
48.0359
48.0887
48.0716
48.0904
48.0967
48.0741
48.0304
48.0171
48.0394
48.0835
48.1062
48.0778
48.0706
48.0453
48.0518
48.0062
48.0261
48.0484
48.0859
48.1212
48.0674
48.0806
45.3127
47.1356
46.9841
47.1771
47.7988
48.0357
48.0837
48.1547
48.1011
47.9704
47.9596
47.8466
48.0317
48.1255
48.2696
48.2512
48.1563
48.1684
48.0162
48.0545
48.0139
48.1184
48.2126
48.1029
48.1353
48.0271
48.0471
47.9806
47.9843
48.0612
48.0963
48.1648
48.117
48.1019
48.0595
48.0393
47.9972
48.0167
48.0532
48.1081
48.1336
48.0859
48.097
48.0457
48.0673
48.0124
48.0318
48.0784
48.1073
48.1154
48.0537
48.0678
48.0318
48.0353
48.0518
48.0698
48.1088
48.145
48.1442
48.1186
48.1061
48.0859
48.0988
48.1209
49.1909
49.089
48.3584
48.3314
47.9245
48.0727
47.6598
47.7918
48.0283
48.1794
48.3548
48.1278
48.182
48.2183
48.2138
48.0896
48.0238
48.1428
48.2351
48.3039
48.3287
48.274
48.1902
48.188
48.1217
48.136
48.1644
48.2387
48.2929
48.2267
48.2482
48.1426
48.1595
48.0887
48.141
48.1985
48.2165
48.2256
48.1626
48.1702
48.1364
48.118
48.0846
48.1201
48.1615
48.2061
48.18
48.1406
48.1326
48.0977
48.1111
48.0986
48.1386
48.1646
48.1232
48.1397
48.0812
48.0948
48.062
48.0732
48.1084
48.1224
50.2826
48.051
48.1291
47.7808
47.664
47.4925
47.5088
47.8493
48.1149
48.2035
48.0637
48.0737
47.9745
48.0335
47.8557
48.0064
48.0933
48.2165
48.2558
48.1205
48.1576
48.0243
48.0592
47.9747
48.0329
48.1189
48.1571
48.1723
48.1234
48.1134
48.0708
48.0627
48.0885
48.1519
48.1946
48.1575
48.1344
48.0879
48.0928
48.0377
48.0582
48.0782
48.1301
48.1733
48.1279
48.1471
48.0758
48.0922
48.0485
48.0614
48.1044
48.1213
48.1272
48.0835
48.0906
48.068
48.052
48.0281
48.0573
48.0912
48.1266
48.1115
48.0832
47.9516
47.2952
47.8558
47.7861
48.2792
48.48
48.1252
48.2465
47.9394
48.0316
47.7827
47.8815
48.0648
48.1424
48.2859
48.1349
48.1694
48.0857
48.0472
47.9714
47.9501
48.0521
48.1495
48.1883
48.1246
48.1113
48.0593
48.0911
48.0543
48.1288
48.1735
48.2369
48.2531
48.1452
48.1654
48.0927
48.1122
48.0687
48.0925
48.1473
48.1821
48.1803
48.1468
48.1254
48.0925
48.0894
48.1056
48.1502
48.1662
48.138
48.1446
48.1034
48.1179
47.8881
47.8936
47.9265
47.9644
47.9843
47.9323
47.9478
47.9145
47.9221
47.893
48.9048
49.5952
49.6633
49.2387
48.7861
48.5804
48.2967
48.2655
48.4087
48.5963
48.5236
48.3658
48.4106
48.1928
48.2112
48.146
48.2723
48.3843
48.2323
48.2658
48.1369
48.1726
48.0827
48.1258
48.2122
48.1808
48.1898
48.1385
48.0981
48.0466
48.033
48.0932
48.1599
48.1432
48.1001
48.1009
48.0464
48.0532
48.0754
48.1314
48.1755
48.1211
48.1387
48.0652
48.0769
48.0338
48.0663
48.1126
48.0899
48.1058
48.0775
48.0701
48.0342
48.0265
48.0675
48.1065
48.0939
48.109
48.102
48.0745
48.0787
48.095
48.1298
48.1527
46.4527
47.7422
46.7307
47.2724
46.891
47.2052
47.6455
47.8256
47.9457
47.7215
47.7838
47.6929
47.658
47.5861
47.7181
47.8763
48.0181
47.9953
47.9242
47.9116
47.9458
47.9735
47.967
48.0627
48.1197
48.0345
48.0696
47.9602
47.9923
47.9129
47.9501
48.0234
48.0584
48.1231
48.0454
48.0538
48.0155
48.0058
47.9745
47.9611
48.0179
48.071
48.0531
48.0196
48.0126
48.0361
48.0564
48.006
48.0515
48.0765
48.1199
48.1334
48.0734
48.0911
48.04
48.0555
48.021
48.0422
48.0803
48.1015
48.1145
48.0911
48.0869
46.7483
47.0331
48.1136
48.6562
48.7943
48.8059
48.6051
48.6155
48.5851
48.2892
48.3472
48.4146
48.5581
48.682
48.476
48.5029
48.3077
48.3303
48.2117
48.1961
48.2957
48.3383
48.3494
48.2821
48.2399
48.1797
48.1708
48.1171
48.1905
48.2284
48.2955
48.2862
48.2161
48.2189
48.1222
48.1472
48.1482
48.2048
48.258
48.1799
48.1917
48.1302
48.1475
48.1158
48.1033
48.1502
48.1784
48.2203
48.1825
48.1566
48.1269
48.1162
48.0879
48.1033
48.1195
48.1578
48.1816
48.1905
48.202
48.1535
48.1647
48.1198
48.1268
50.2475
49.575
49.2549
48.358
48.4008
48.1538
48.0245
47.8555
48.0688
48.2658
48.4471
48.3241
48.365
48.3419
48.1939
48.2044
48.1388
48.2569
48.3264
48.4184
48.4595
48.3173
48.3409
48.2345
48.2634
48.3413
48.3659
48.4337
48.341
48.334
48.2669
48.2285
48.1839
48.166
48.2215
48.2791
48.3008
48.2559
48.2456
48.2074
48.2274
48.1565
48.2059
48.2348
48.2786
48.2853
48.2072
48.2214
48.1646
48.1786
48.15
48.1679
48.2079
48.2317
48.2421
48.2149
48.1999
48.1733
48.1632
48.1697
48.204
48.2194
48.1892
47.5642
47.117
47.7568
47.1634
47.4898
47.8113
48.166
48.4322
48.1043
48.1768
47.9117
47.9683
47.8162
47.7953
47.9582
48.0428
48.1771
48.1015
48.07
48.1097
48.1077
48.0417
48.1392
48.1892
48.2715
48.2402
48.1658
48.1878
48.0758
48.1037
48.0069
48.078
48.1443
48.1794
48.1951
48.1259
48.1475
48.1078
48.1046
48.125
48.152
48.2032
48.1655
48.1493
48.1686
48.1506
48.1588
48.1617
48.1901
48.232
48.2487
48.2173
48.2206
48.1705
48.1879
48.1299
48.1397
48.1768
48.1996
48.2337
48.1805
48.184
48.1516
47.958
47.3581
47.933
48.5212
48.8569
48.7397
48.4055
48.2482
48.047
48.0827
47.8939
48.0892
48.1632
48.3131
48.311
48.1222
48.1726
48.0056
48.0619
48.1072
48.1739
48.2701
48.1541
48.1725
48.1155
48.1028
48.1111
48.0755
48.153
48.2243
48.2631
48.2105
48.1802
48.1255
48.1481
48.0815
48.1052
48.1352
48.1901
48.2426
48.1757
48.1896
48.1179
48.1318
48.086
48.1122
48.1578
48.1818
48.1844
48.1559
48.148
48.1195
48.1158
48.1308
48.1694
48.1873
48.2235
48.2102
48.1808
48.194
48.1428
48.1536
48.1434
50.2992
50.2949
48.6575
48.7226
48.1043
48.2677
48.0476
47.99
48.2407
48.3566
48.5369
48.5826
48.4721
48.3388
48.2958
48.1779
48.2111
48.2646
48.3708
48.3598
48.2775
48.2899
48.1463
48.1785
48.0643
48.1512
48.2286
48.2618
48.2752
48.1774
48.2012
48.1416
48.1276
48.0842
48.1199
48.1803
48.2358
48.212
48.172
48.1556
48.1186
48.124
48.1104
48.1599
48.1839
48.1477
48.1547
48.0902
48.1087
48.0557
48.0756
48.1179
48.141
48.1808
48.1363
48.1476
48.1114
48.103
48.0808
48.0681
48.1044
48.1389
48.1264
46.5244
46.9712
46.9667
47.4684
47.142
47.6626
47.8729
48.1786
48.2634
47.933
48.0152
47.7645
47.8535
47.7294
47.8516
48.0022
48.0655
48.1106
48.026
48.0241
47.9636
47.9369
47.9758
48.0671
48.1285
48.0678
48.0347
47.9861
48.0169
47.9423
47.9672
47.9995
48.0689
48.129
48.061
48.0837
48.0007
48.0175
47.9627
47.9667
48.0224
48.0434
48.0584
48.0255
48.0219
47.9813
47.9629
47.9399
47.9825
48.0171
48.0608
48.0418
48.0087
48.0217
47.9807
47.9932
47.9384
47.9791
48.0144
48.0435
48.0529
47.9996
48.014
46.4589
47.525
48.4377
48.5707
48.9148
48.5171
48.4129
48.1853
48.0934
48.1708
48.3606
48.4559
48.2972
48.23
48.1167
48.1716
48.0265
48.074
48.1382
48.2467
48.2776
48.1194
48.153
48.0434
48.0629
48.1463
48.1776
48.2528
48.1793
48.1981
48.2223
48.1903
48.148
48.1971
48.2471
48.2001
48.1719
48.1307
48.1297
48.0751
48.0814
48.1008
48.1516
48.1639
48.1131
48.1334
48.0786
48.096
48.1399
48.1671
48.2079
48.1471
48.1601
48.1275
48.114
48.0873
48.1086
48.146
48.1209
48.1142
48.1275
48.1235
48.0984
48.1022
49.0074
49.6446
49.154
48.3443
48.4566
47.8674
48.0014
47.6595
47.9452
48.1795
48.2536
48.3023
48.0893
48.1311
47.9929
47.9426
47.8653
47.9642
48.077
48.186
48.1197
48.0508
48.0405
47.9768
48.024
48.0581
48.1392
48.1934
48.1072
48.1338
48.0302
48.056
47.9821
47.9985
48.064
48.0843
48.1432
48.087
48.0939
48.0638
48.0403
48.0062
48.0012
48.0433
48.0922
48.0691
48.0388
48.0408
48.0002
48.0206
47.9601
48.0045
48.0421
48.0751
48.093
48.0444
48.0595
48.0214
48.027
47.9951
48.0087
48.0456
48.0425
47.7921
47.2238
47.1825
47.0375
47.3475
47.737
48.099
48.2021
48.0286
48.0457
48.0485
48.1092
47.8549
47.931
48.0691
48.1863
48.3078
48.1179
48.1598
48.0648
48.0943
48.0233
48.0624
48.1549
48.2142
48.2072
48.1399
48.0992
48.0534
48.0429
47.9898
48.0616
48.0927
48.1573
48.1596
48.1175
48.1297
48.0536
48.0768
48.0609
48.1146
48.1652
48.0878
48.1042
48.0404
48.0622
48.0213
48.0225
48.069
48.0927
48.1358
48.1062
48.0959
48.071
48.0558
48.0249
48.0276
48.0547
48.0925
48.1072
48.077
48.079
48.0472
48.9759
47.0676
47.7665
48.3531
48.6388
48.6805
48.1329
48.1945
47.9343
47.975
47.8504
47.9375
48.1179
48.24
48.2134
48.1221
48.0663
47.9856
48.0218
48.0565
48.1617
48.1989
48.1055
48.1113
48.0232
48.0558
47.9384
47.9717
48.0432
48.095
48.165
48.0669
48.0927
48.0512
48.0565
48.0154
47.986
48.0465
48.0987
48.1362
48.0986
48.0812
48.0476
48.055
48.0036
48.0534
48.0753
48.1215
48.1376
48.0821
48.0983
48.0403
48.0486
48.0114
48.0376
48.0775
48.0962
48.1023
48.0794
48.0713
48.0484
48.0428
48.0589
50.2499
49.8172
48.8242
48.5633
48.1074
48.1575
47.8076
47.9613
47.8903
48.1303
48.3224
48.0589
48.1206
47.9114
47.9909
47.9113
47.9432
48.0734
48.1203
48.2275
48.1279
48.1133
48.0559
48.0224
47.9687
47.9684
48.0395
48.1196
48.1005
48.046
48.0476
47.9985
48.0291
47.9468
48.0135
48.0592
48.1144
48.1334
48.0432
48.0647
48.007
48.024
47.9924
48.0172
48.0671
48.0505
48.0636
48.0369
48.0228
47.9955
47.9943
48.0381
48.0799
48.1016
48.0691
48.0609
48.0761
48.09
48.053
48.0655
48.0849
48.1204
48.1545
45.4144
47.1394
39.1452
41.5659
42.4734
43.4528
44.4248
44.995
45.4051
45.5244
45.7291
45.8146
45.9314
45.9836
46.2645
46.4732
46.6958
46.7223
46.6948
46.7688
46.716
46.817
46.8498
46.9925
47.1227
47.1245
47.1879
47.1161
47.1832
47.1694
47.196
47.2928
47.3493
47.435
47.4005
47.4013
47.3823
47.3844
47.3643
47.3916
47.4414
47.5082
47.5466
47.5268
47.5598
47.518
47.5476
47.4977
47.5256
47.5803
47.6147
47.637
47.5955
47.6199
47.5928
47.5909
47.5648
47.5953
47.6414
47.6853
47.6859
47.6692
47.6698
46.61
47.5181
47.5388
48.2195
48.4793
48.1286
48.2255
47.7613
47.8657
47.6901
47.8979
48.0979
48.1675
48.2178
48.0924
48.1049
47.9858
47.9199
48.0446
48.1464
48.1298
48.0691
48.0293
47.96
47.9784
47.9719
48.0575
48.0971
48.0474
48.0766
47.9859
48.0144
47.9259
47.996
48.0255
47.3165
47.3584
47.3125
47.3538
47.3253
47.3298
47.4003
47.4515
47.4791
47.4644
47.4596
47.4427
47.4503
47.5017
47.5574
47.5837
47.5608
47.57
47.5365
47.5566
47.5076
47.5563
47.6021
47.5964
47.6181
47.5745
47.5967
47.5798
47.5908
50.2661
49.704
49.256
48.624
48.4032
48.1021
47.9835
48.2721
48.4966
48.5813
48.4055
48.3301
48.1827
48.1967
48.0292
48.1687
48.2362
48.1176
48.1576
48.0123
48.0307
47.9037
47.9483
48.0457
48.105
48.1341
48.0306
48.0488
47.9883
47.9963
48.0701
48.1038
48.17
48.1218
48.1046
48.0549
48.0351
47.9981
48.0536
48.0957
48.0648
48.0565
48.0243
48.0309
47.9851
47.9942
48.0171
48.0642
48.0737
48.0235
48.033
47.9718
47.992
48.0017
48.0386
48.0781
48.0232
48.0393
48.0104
48.0192
47.9886
48.0047
48.0407
48.0643
48.2853
47.5232
47.3872
47.0293
47.1491
47.4698
47.873
48.0575
47.8985
47.843
47.7469
47.8431
47.6438
47.6987
47.8008
47.9583
48.0938
47.915
47.9322
47.8078
47.8507
47.7992
47.7997
47.9034
47.968
47.9965
47.9501
47.9152
47.8702
47.8631
47.8187
47.8956
47.9233
47.9917
47.9842
47.9335
47.96
47.8806
47.9174
47.9356
47.9803
48.0352
48.0252
48.037
47.9883
47.9939
47.9666
47.9434
47.9912
48.0332
48.0639
48.0331
48.0264
48.001
48.0152
47.979
47.9966
48.0163
48.0549
48.0922
48.0511
48.0608
48.0127
48.5646
47.2962
47.3987
48.119
48.3575
48.3706
48.1376
48.0603
47.9008
47.897
48.091
48.2744
48.3306
48.2094
48.1807
48.0457
48.0702
48.0141
48.1334
48.2228
48.0889
48.1217
48.0016
48.0399
47.9523
47.9701
48.056
48.0898
48.1165
48.0447
48.038
47.9785
47.953
48.0216
48.0803
48.1252
48.0845
48.0733
48.0361
48.0395
47.9901
48.0451
48.0694
48.0369
48.0439
47.9891
48.0086
47.9447
47.9622
48.0083
48.0366
48.0533
48.0109
48.0277
47.9928
47.9952
48.0357
48.0583
48.0959
48.069
48.0562
48.0326
48.0232
48.0003
50.2579
49.7677
49.9485
49.4987
48.87
48.8882
48.4348
48.4982
48.5805
48.7516
48.888
48.5602
48.5615
48.327
48.3518
48.2119
48.1828
48.3025
48.3575
48.4543
48.3656
48.3254
48.2622
48.2543
48.1905
48.2683
48.3046
48.374
48.3437
48.2769
48.3002
48.1967
48.2192
48.1515
48.2128
48.2696
48.294
48.3102
48.241
48.256
48.2033
48.1825
48.1863
48.214
48.2593
48.2539
48.233
48.1955
48.1885
48.1608
48.1758
48.1933
48.2329
48.2564
48.2226
48.2274
48.1647
48.1732
48.1274
48.1349
48.1703
48.1817
48.2145
45.6216
47.0754
47.0406
47.1315
47.0399
47.4847
47.8483
48.1492
48.0111
47.8865
47.8758
47.7437
47.8388
47.6158
47.7923
47.9049
48.0301
48.0793
47.9318
47.9809
47.8772
47.9117
47.9268
47.9678
48.0605
47.9907
48.0005
47.9551
47.9256
47.8604
47.8612
47.9319
48.0021
48.0314
47.9926
48.0021
47.9609
47.9721
47.9542
47.9785
48.0171
48.0692
48.12
48.0427
48.0603
48.0047
48.0227
47.9933
48.0153
48.0609
48.0894
48.1037
48.0705
48.0554
48.0301
48.0221
47.9945
48.0335
48.0526
48.0892
48.0801
48.0569
48.0721
45.4455
47.1009
47.2743
48.0373
48.4877
47.977
48.1051
47.7779
47.8695
47.7044
47.699
47.9093
48.0196
48.1816
48.0799
48.0507
47.9838
47.9667
47.8954
47.9437
48.0111
48.1132
48.0875
48.0087
48.0481
47.9298
47.9638
47.8641
47.9475
48.0255
48.0679
48.0931
48.0049
48.0356
47.9851
47.9772
47.9444
47.979
48.0381
48.0933
48.0745
48.0343
48.0164
47.9859
47.9932
47.9973
48.0452
48.0669
48.0376
48.057
48.0053
48.0243
47.9764
47.9962
48.0372
48.0618
48.1009
48.057
48.0681
48.0434
48.0454
48.023
48.0069
50.2781
50.2261
49.3345
48.6791
48.475
48.1617
48.1673
47.8965
48.1563
48.2397
48.4273
48.4608
48.2603
48.3075
48.0822
48.0911
47.9808
48.0709
48.1875
48.1185
48.1502
48.0507
48.0415
47.9596
47.9248
47.9622
48.0388
48.101
48.0506
48.0159
47.9716
47.9815
47.9259
47.9402
47.9682
48.0326
48.0833
48.0104
48.0318
47.9518
47.975
47.9387
47.9529
48.0059
48.0272
48.039
47.9916
47.9913
47.9659
47.9536
47.9282
47.9661
48.002
48.0438
48.0246
47.9993
48.0077
47.9802
47.9969
47.9785
48.0158
48.0326
48.0259
48.9059
46.9185
47.5843
47.1536
47.4322
47.8947
48.0389
48.321
48.0911
48.1631
48.031
47.9534
47.8011
47.8051
47.9708
48.1159
48.1833
48.0911
48.0527
47.9647
47.9842
47.8811
47.9288
47.9768
48.0693
48.0862
47.9834
47.9973
47.8832
47.9246
47.8742
47.9422
48.0125
48.0415
48.0599
47.9888
48.0019
47.9678
47.9625
47.9866
48.0187
48.0726
48.0323
48.0181
47.9911
47.9791
47.951
47.9562
47.9934
48.0389
48.0575
48.0239
48.0273
47.9931
48.0116
47.9523
47.9669
47.9975
48.0349
48.0727
48.03
48.0442
48
48.9554
47.5764
48.1729
48.7031
48.3913
48.4338
48.1867
48.1471
47.99
47.911
48.1269
48.3073
48.263
48.1485
48.129
48.0251
48.0425
48.0866
48.2018
48.2837
48.1499
48.1989
48.0584
48.0795
48.0196
48.0811
48.1617
48.0531
48.07
48.0244
48.0054
47.9498
47.9347
48.002
48.0675
48.0529
48.0156
48.0141
47.971
47.9948
48.0134
48.0676
48.1126
48.0467
48.0647
48.0089
48.0269
47.984
48.0121
48.0578
48.0156
48.027
48.0049
47.9927
47.9682
47.9649
48.0001
48.0388
48.0216
47.9922
47.9955
47.9661
47.9746
47.9887
50.3347
50.3139
48.7675
48.7929
48.11
48.2459
47.9331
48.0763
48.3229
48.0885
48.1201
48.0041
47.9549
47.8556
47.8332
47.9832
48.1175
48.059
47.9983
48.0229
47.9367
47.9535
47.998
48.0926
48.1552
48.0637
48.099
47.9885
48.0204
47.9404
48.0065
48.0779
47.9948
48.0217
47.9761
47.9833
47.9316
47.9059
47.9668
48.0156
48.0088
47.9752
47.9584
47.9292
47.9347
47.9737
48.0229
48.0432
48.0153
48.0313
47.984
47.991
47.9296
47.9733
48.0148
47.9648
47.98
47.935
47.9512
47.9187
47.9221
47.9604
47.981
47.9961
46.7051
47.1486
46.9585
47.0417
47.6927
48.1193
48.2929
48.0707
48.0282
47.8909
47.9345
47.72
47.9172
48.0308
47.9255
47.9862
47.8074
47.8691
47.7472
47.7919
47.9092
47.9545
47.9849
47.8893
47.9019
47.8563
47.8367
47.9245
47.9969
48.0565
48.0112
47.9812
47.941
47.9511
47.8905
47.956
47.9836
47.9371
47.9595
47.8933
47.9188
47.8528
47.8778
47.9324
47.9646
47.9878
47.9427
47.9629
47.9252
47.9201
47.9662
47.9954
48.0391
48.0146
47.9979
47.9737
47.9687
47.9416
47.9814
47.997
47.9748
47.9734
47.9474
47.9634
44.5297
46.6248
47.7456
48.2538
48.3897
47.8891
48.0069
47.7527
47.7866
48.0372
48.1309
48.3111
48.1724
48.152
48.0692
48.0268
47.9248
48.0545
48.1218
48.0322
48.0034
47.9322
47.976
47.8662
47.9633
48.0228
48.1076
48.1403
48.0449
48.0784
48.0017
48.0166
48.0842
48.108
48.1692
48.099
48.0986
48.0615
48.0318
48.0069
48.0541
48.0971
48.0633
48.0435
48.0119
48.0142
47.969
48.0174
48.0366
48.0811
48.0873
48.0291
48.0446
47.9884
48.0036
48.0445
48.0673
48.1058
48.0649
48.0771
48.0444
48.04
48.0183
48.0387
50.2706
50.2587
49.2585
48.6079
48.3828
48.0939
48.1352
48.115
48.3571
48.4465
48.2803
48.3325
48.0921
48.1572
47.9588
47.9969
48.1315
48.1981
48.3062
48.1415
48.1589
48.0945
48.0732
48.0122
47.995
48.0831
48.1638
48.2136
48.1671
48.1396
48.0825
48.1048
48.0396
48.1047
48.1321
48.192
48.2103
48.1443
48.1626
48.0907
48.108
48.0609
48.0965
48.1457
48.1657
48.1688
48.1291
48.1319
48.1026
48.0828
48.0988
48.1386
48.1662
48.1364
48.1193
48.0947
48.0999
48.0622
48.0659
48.0812
48.1175
48.151
48.1166
48.8377
46.8349
47.5469
47.1682
47.3529
47.8357
47.9865
48.274
48.0844
48.0861
47.9559
47.8914
47.7973
47.8383
47.9801
48.1215
48.1674
48.0794
48.0718
47.9824
47.9976
47.8495
47.8963
47.9812
48.0599
48.0889
47.9621
47.9939
47.9202
47.9467
47.9086
47.9416
48.0124
48.0609
48.0616
48.0223
47.993
47.9581
47.9598
47.9806
48.0369
48.0578
48.0249
48.0209
47.9842
48.0049
47.9331
47.9526
47.9891
48.0298
48.0736
47.9618
47.974
47.9331
47.9509
47.9287
47.9239
47.9649
47.991
48.0268
48.0041
47.9876
47.9663
47.5747
46.8959
48.0108
48.2523
48.6541
48.5421
48.2626
48.3467
47.9994
48.0922
48.2591
48.3924
48.4234
48.1554
48.2059
48.0637
48.0528
48.0682
48.1113
48.2188
48.1104
48.111
48.0522
48.0413
47.9925
48.0813
48.1314
48.208
48.1863
48.121
48.1286
48.039
48.0639
48.1028
48.1644
48.1673
48.072
48.0939
48.0396
48.0628
48.0839
48.1063
48.1571
48.1109
48.1188
48.0851
48.057
48.0279
48.0662
48.1014
48.1301
48.1039
48.085
48.0885
48.0561
48.0727
48.089
48.127
48.1384
48.0907
48.1058
48.0543
48.0664
48.0712
49.3988
49.8335
48.2205
48.3968
48.075
48.0855
47.8844
47.8465
48.1183
48.3146
48.4478
48.2979
48.2242
48.1087
48.0982
47.9698
47.9916
48.0537
48.1716
48.1758
48.1051
48.1453
48.023
48.064
47.9653
48.0541
48.1357
48.1943
48.2174
48.1122
48.1281
48.058
48.0778
48.0363
48.0655
48.1274
48.071
48.0807
48.0441
48.0422
48.0118
47.9907
47.9589
48.005
48.0463
48.0453
48.0275
47.9987
47.9993
47.9731
47.9924
48.0149
48.0578
48.0831
48.057
48.0619
48.0122
48.028
47.9757
47.9901
48.0258
48.054
48.0895
45.5363
47.1566
46.7532
47.297
47.1834
47.5146
47.9055
48.0922
48.11
47.9732
47.8843
47.7731
47.7612
47.6593
47.833
47.8951
48.0368
48.0663
47.9469
48.0019
47.8796
47.9329
48.0289
48.0944
48.1809
48.0586
48.0787
48.0158
48.0108
47.9675
47.9554
48.0281
48.0957
48.1296
48.0817
48.0811
48.0462
48.0582
47.9851
48.009
48.045
48.0944
48.1447
48.0661
48.0801
48.0387
48.051
48.0213
48.0372
48.0825
48.1173
48.1215
48.0888
48.0663
48.0313
48.0334
47.9969
48.0359
48.0517
48.0892
48.1029
48.0632
48.0766
45.3704
47.1912
47.7698
48.1236
48.5513
48.0271
48.0885
47.8402
47.7605
47.6479
47.6314
47.8528
48.0399
48.1331
48.0331
47.9944
47.9157
47.951
47.8417
47.8677
47.9243
48.032
48.1181
48.0174
48.0418
47.9202
47.9568
47.888
47.9167
47.9958
48.0308
48.0568
47.9913
47.996
47.9581
47.9264
47.8915
47.9378
47.9958
48.052
48.0293
47.9966
47.9872
47.9628
47.9855
47.9869
48.0353
48.0603
48.0673
48.0823
48.0228
48.0396
47.9882
48.0053
48.0435
48.0729
48.111
48.0543
48.0692
48.0406
48.0502
48.0287
48.0203
50.2774
50.0031
50.0167
49.1341
48.7129
48.3597
48.2727
48.037
48.2818
48.3621
48.5391
48.523
48.3662
48.4133
48.181
48.2243
48.0558
48.1719
48.2836
48.3191
48.3463
48.2166
48.2204
48.1337
48.0877
48.1178
48.179
48.2455
48.1894
48.151
48.1009
48.0922
48.0367
48.064
48.0876
48.1478
48.1887
48.1174
48.1303
48.0436
48.065
48.0202
48.0395
48.0904
48.1089
48.1556
48.1076
48.1095
48.082
48.0622
48.033
48.0682
48.1018
48.1416
48.119
48.0926
48.0925
48.0594
48.0745
48.0281
48.0652
48.0975
48.1242
48.8989
46.8756
47.475
47.1164
47.2776
47.4512
47.6563
47.9848
47.8284
47.8793
47.7674
47.7271
47.6454
47.6864
47.8291
47.983
48.0414
47.9404
47.9388
47.8253
47.8582
47.7144
47.7669
47.8501
47.9443
48.0335
47.9186
47.9542
47.877
47.9171
47.8782
47.8666
47.9394
47.9819
48.0486
48.0102
47.9877
47.9517
47.9377
47.898
47.9548
47.9878
48.0414
48.0394
48.0075
48.0261
47.9757
47.9965
47.9326
47.9798
48.0243
48.053
48.0684
48.0135
48.0231
47.9935
47.9984
48.0152
48.0328
48.0708
48.0466
48.05
48.0278
47.0421
46.7204
47.0753
47.7519
48.2505
48.3725
48.0744
48.1199
47.9296
48.0521
47.7577
47.851
48.0048
48.1436
48.1916
47.9762
48.006
47.8755
47.8966
47.9455
47.9921
48.0965
48.1658
48.1829
48.1221
48.0862
48.1173
48.111
48.0566
48.1301
48.1553
48.2213
48.2142
48.1459
48.1701
48.068
48.0823
48.0294
48.0866
48.1417
48.165
48.1825
48.1178
48.1302
48.0962
48.0842
48.1003
48.1273
48.1714
48.1381
48.1167
48.0873
48.0818
48.0579
48.0713
48.091
48.1291
48.1508
48.1171
48.1216
48.0673
48.0835
48.0462
48.9014
49.5788
49.4413
49.653
48.8995
48.8703
48.5582
48.4767
48.2903
48.4015
48.5718
48.7109
48.5967
48.4517
48.3982
48.2863
48.2871
48.1245
48.2386
48.2893
48.3836
48.3961
48.2481
48.2828
48.1754
48.2044
48.2791
48.3172
48.3849
48.2909
48.2932
48.228
48.2128
48.1704
48.1463
48.2057
48.2609
48.292
48.2483
48.2237
48.1761
48.1854
48.1292
48.1461
48.1681
48.214
48.2575
48.1915
48.2061
48.1474
48.1625
48.123
48.1489
48.1886
48.2045
48.2125
48.1739
48.1742
48.1502
48.1366
48.1121
48.1452
48.1688
50.2887
48.9795
48.1837
48.1714
47.6636
47.8755
47.7561
48.0729
48.3058
48.0118
48.0898
47.8278
47.9096
47.7738
47.8127
47.9677
48.0226
48.1459
48.035
48.0132
47.9526
47.9093
47.8409
47.8473
47.9263
48.0158
48.0489
47.9974
48.001
47.943
47.9748
47.8876
47.9166
47.9782
48.0294
48.0519
47.9655
47.9837
47.9292
47.9367
47.8919
47.9157
47.9707
48.0137
48.0247
47.9934
47.9719
47.9436
47.9503
47.9204
47.9661
47.984
48.0266
48.0245
47.9859
48.0028
47.9423
47.9585
47.9923
48.0249
48.0614
48.0095
48.0204
45.8691
47.2422
47.0628
47.0112
47.6607
48.008
48.2854
48.0653
47.947
47.8183
47.8751
47.7433
47.9362
48.0047
47.8955
47.9516
47.8412
47.9014
47.7386
47.7626
47.881
47.9556
47.9911
47.8739
47.9149
47.8456
47.8455
47.9332
47.9818
48.0586
48.0069
47.9773
47.9435
47.939
47.8985
47.9636
47.9915
48.0095
48.0063
48.026
48.0483
47.9684
47.9908
48.0334
48.076
48.0914
48.0176
48.0294
47.9921
48.0006
48.0448
48.061
48.1026
48.0602
48.0626
48.0376
48.0256
48.0021
48.0408
48.0663
48.0466
48.036
48.0066
48.012
45.7358
47.2537
47.9088
48.5053
48.854
48.2086
48.3403
47.9426
48.0444
47.8946
48.035
48.2226
48.2866
48.289
48.1757
48.1546
48.07
48.0212
47.9349
48.0508
48.1168
48.2142
48.1728
48.0941
48.1302
48.0424
48.0745
48.0367
48.1156
48.1877
48.1093
48.1332
48.0355
48.0466
47.9919
47.9922
48.0529
48.0773
48.134
48.0938
48.0972
48.0611
48.0451
48.0134
48.0149
48.0501
48.0977
48.1159
48.0727
48.0744
48.027
48.0435
47.9787
47.9954
48.0355
48.065
48.0791
48.0333
48.0477
48.0128
48.016
47.9934
48.0075
50.2726
50.0858
49.2833
48.634
48.2998
47.9714
48.0062
47.8142
48.0887
48.1802
48.1663
48.1651
48.1751
48.2293
47.9964
48.0516
48.1532
48.2571
48.361
48.2946
48.3079
48.2948
48.3217
48.2549
48.2335
48.3125
48.3559
48.4261
48.3674
48.3279
48.2723
48.2484
48.1897
48.1905
48.2201
48.2767
48.2544
48.2053
48.2244
48.1622
48.1828
48.1184
48.1689
48.2163
48.2431
48.2504
48.183
48.1878
48.1453
48.1375
48.0971
48.1158
48.1569
48.1917
48.1936
48.1691
48.1547
48.1329
48.1394
48.1671
48.2011
48.2122
48.1814
47.9356
46.8936
47.4365
46.7574
47.1925
47.6499
47.9782
48.2628
47.8879
47.9684
47.8108
47.8769
47.7504
47.717
47.8863
47.9972
47.9971
47.9277
47.8779
47.8171
47.818
47.8595
47.9628
48.0059
48.0979
48.1067
48.0469
48.0615
47.9457
47.9751
47.8932
47.9635
48.0328
48.0617
48.0894
48.0379
48.0514
48.0053
47.9919
48.0157
48.0533
48.1025
48.0652
48.0408
48.0101
48.002
47.9668
47.9745
47.9972
48.0431
48.0696
48.0396
48.0559
47.9958
48.0144
47.9692
47.9878
48.0268
48.0461
48.0827
48.0378
48.0478
48.0237
47.4153
47.1076
47.9027
48.4974
48.8466
48.5469
48.2708
48.212
48.0208
48.0533
48.1307
48.3092
48.4197
48.2243
48.2763
48.0669
48.1164
47.9829
48.0828
48.1931
48.055
48.0884
47.994
47.992
47.9369
47.9755
48.0611
48.1356
48.1101
48.0592
48.0326
47.9902
48.0036
48.0432
48.1077
48.1396
48.0992
48.1042
48.0277
48.0517
47.9824
48.0371
48.0886
48.0131
48.0265
47.9756
47.9944
47.9661
47.9865
48.0325
48.0641
48.0677
48.0427
48.0226
47.9976
47.9962
48.029
48.0673
48.0813
48.047
48.0572
48.0237
48.0384
47.9946
50.285
50.2648
48.562
48.5057
47.4675
47.7029
47.4553
47.4925
47.8019
47.9517
47.9852
47.8685
47.8443
47.7684
47.7593
47.9064
48.0455
48.093
47.9999
48.016
47.9314
47.9575
47.8176
47.9196
48.0054
47.2209
47.2903
47.212
47.2695
47.2277
47.256
47.3509
47.4074
47.4434
47.4223
47.4267
47.4076
47.4119
47.4855
47.5548
47.5898
47.5648
47.5821
47.5526
47.5712
47.5606
47.6187
47.6672
47.6346
47.66
47.6042
47.6219
47.5906
47.5961
47.6452
47.6702
47.6836
47.6649
47.6597
47.644
47.6409
47.684
47.7248
47.746
46.6115
47.4002
46.9672
47.324
46.8604
47.4304
47.7468
47.7335
47.8834
47.5875
47.7044
47.5478
47.6168
47.8062
47.8779
48.0279
47.8943
47.9094
47.8484
47.8032
47.746
47.8485
47.9257
47.8744
47.8683
47.8162
47.841
47.7758
47.8608
47.9038
47.9813
48.0147
47.9403
47.9672
47.888
47.909
47.9723
48.0035
48.0621
48.0081
48.0243
47.9942
47.9794
47.9473
47.9813
48.0278
47.9982
47.9818
47.9536
47.9506
47.915
47.9595
47.9774
48.0206
48.0333
47.9967
48.0078
47.9505
47.9623
47.9996
48.0256
48.0615
48.0126
48.0288
46.0511
46.9209
46.6798
47.2777
47.8788
48.2665
48.2472
48.0373
47.9165
47.7918
47.827
47.8529
48.0396
48.1018
48.0009
48.0098
47.8724
47.9322
47.7674
47.8254
47.9262
48.0143
48.1117
47.9697
47.9842
47.8997
47.924
47.8792
47.8608
47.9418
47.9941
48.0612
48.0211
47.9941
47.954
47.9522
47.9135
47.9743
48.0024
48.059
48.051
48.0076
48.0314
47.9648
47.9863
47.9286
47.9801
48.0282
48.0553
48.0722
48.0153
48.031
47.9969
47.988
47.9943
48.0164
48.057
48.0352
48.0299
48.0068
47.9986
47.9762
47.9866
49.5408
49.8968
49.6449
48.7863
48.8224
48.2464
48.2445
47.8225
48.1008
48.3198
48.0744
48.155
47.9272
47.9986
47.8979
47.9776
48.1131
48.1841
48.1974
48.1273
48.0743
48.1098
48.0913
48.1769
48.2614
48.2864
48.2258
48.2169
48.1465
48.1737
48.1364
48.2025
48.2544
48.1733
48.2025
48.1073
48.1191
48.0592
48.0673
48.1227
48.1442
48.1615
48.1244
48.1085
48.078
48.0589
48.1061
48.1506
48.1752
48.1442
48.1423
48.1072
48.1126
48.0616
48.1022
48.1273
48.0989
48.11
48.0504
48.0641
48.0228
48.0288
48.0643
48.0772
48.6636
47.4132
47.7085
47.3006
47.2764
47.2245
47.5819
47.8909
47.9022
47.8069
47.67
47.6763
47.5725
47.6352
47.7204
47.881
47.9869
47.893
47.9383
47.78
47.8317
47.7379
47.788
47.891
47.9312
48.0203
47.9341
47.9419
47.9005
47.8792
47.8387
47.8459
47.9175
47.9865
47.9617
47.9251
47.9185
47.8867
47.9011
47.8235
47.8831
47.9213
47.9743
47.9948
47.9338
47.9551
47.9006
47.9206
47.8818
47.9057
47.9525
47.9808
47.9989
47.9712
47.954
47.9281
47.9197
47.9334
47.9733
47.9936
47.9712
47.9649
47.9433
48.3967
46.7279
47.4158
47.9374
48.3918
48.4709
47.9439
48.0599
47.7782
47.8662
47.9044
47.9953
48.1725
48.0362
48.0342
47.9458
47.9014
47.8302
47.9358
48.0364
48.0343
47.9863
47.9128
47.914
47.8433
47.8665
47.9082
47.9933
48.0106
47.9375
47.9737
47.8749
47.9052
47.9724
48.024
48.0865
48.0086
48.0241
47.9733
47.9785
47.9448
47.969
48.0226
48.0733
48.061
48.0341
48.0215
47.992
48.0101
48.0408
48.0843
48.0705
48.0371
48.0543
48.0066
48.022
48.0423
48.0806
48.1172
48.0634
48.0773
48.0346
48.0505
48.0265
49.2572
49.7751
49.6159
49.3044
48.7729
48.5996
48.3393
48.2157
48.2622
48.4605
48.5403
48.4956
48.4087
48.2607
48.3086
48.1524
48.1964
48.2462
48.3536
48.4491
48.288
48.3163
48.1833
48.2138
48.1299
48.1136
48.1936
48.2246
48.296
48.2396
48.2239
48.1778
48.1547
48.1144
48.1754
48.2126
48.2686
48.256
48.2035
48.202
48.1337
48.1527
48.0735
48.1249
48.1732
48.2044
48.2184
48.1481
48.1648
48.1333
48.1361
48.1504
48.1657
48.2047
48.1707
48.1586
48.1338
48.1191
48.0937
48.1045
48.1296
48.1636
48.1764
46.3406
47.623
47.1388
47.4755
46.9003
47.2216
47.6275
47.8946
48.1614
47.8801
47.9604
47.8088
47.8701
47.776
47.8514
48.0063
48.1206
48.1341
48.0547
47.9987
47.9101
47.909
47.8236
47.9244
47.9632
48.0528
48.068
48.0805
48.1006
47.99
48.0205
48.083
48.1366
48.2
48.1167
48.1373
48.0756
48.0759
48.0242
47.9959
48.052
48.095
48.1352
48.0864
48.0605
48.0286
48.0355
48.0024
48.017
48.0351
48.0795
48.087
48.0453
48.0518
47.9925
48.0091
47.9672
48.0018
48.0401
48.0543
48.0646
48.0265
48.0339
46.7
47.0404
47.6712
48.2068
48.5373
48.2129
48.0286
47.8564
47.8889
47.7124
47.9424
48.0212
48.196
48.2321
48.07
48.1231
47.9551
48.009
48.1272
48.1919
48.2114
48.0807
48.1096
48.0514
48.0423
48.0699
48.1155
48.1928
48.1371
48.106
48.0668
48.0521
48.0123
48.0796
48.1056
48.1651
48.1556
48.1027
48.1253
48.0432
48.063
48.1069
48.1497
48.1668
48.101
48.1113
48.0655
48.0736
48.0929
48.1088
48.1513
48.1166
48.1071
48.0823
48.0708
48.0457
48.0842
48.1077
48.144
48.1325
48.1019
48.1156
48.0756
48.0884
49.3904
49.8226
49.9618
48.6762
48.7251
48.1767
48.2865
48.0572
48.1903
48.3961
48.479
48.47
48.3296
48.2885
48.1949
48.1476
48.2023
48.3167
48.3659
48.4605
48.4116
48.3147
48.3449
48.2351
48.2615
48.221
48.2975
48.367
48.2511
48.271
48.1768
48.2047
48.1579
48.1416
48.2019
48.228
48.2839
48.2407
48.2329
48.1872
48.1669
48.1341
48.1419
48.1711
48.2171
48.2375
48.1961
48.2118
48.1533
48.1676
48.1039
48.12
48.161
48.1861
48.1975
48.1393
48.153
48.1183
48.1179
48.0925
48.1069
48.1422
48.1746
47.8454
47.1003
47.0764
46.9832
47.3483
47.4971
47.8918
48.0282
47.837
47.9295
47.7169
47.8202
47.6007
47.6795
47.8526
47.9614
48.0959
47.9161
47.9419
47.8559
47.8788
47.796
47.7688
47.8741
47.9605
48.0269
47.9752
47.9382
47.8827
47.9042
47.8434
47.9179
47.9472
48.0163
48.0338
47.9756
47.9954
47.9116
47.9363
47.9
47.9464
48.0013
48.022
48.0305
47.9823
47.9838
47.9567
47.9363
47.9558
47.9965
48.0314
48.0035
47.982
47.9576
47.9666
47.9382
47.9554
47.9729
48.012
48.0408
47.9983
48.0121
47.9692
48.8603
47.3089
47.6632
48.3076
48.424
48.422
48.1411
48.1249
47.9681
47.92
48.1331
48.3013
48.3941
48.2557
48.2212
48.1191
48.1401
47.9905
48.1095
48.1662
48.0663
48.1029
47.9879
48.0262
47.9179
47.9485
48.0337
48.0709
48.0885
48.0083
48.0333
47.9925
47.9683
48.0344
48.0784
48.1327
48.0926
48.069
48.0328
48.0374
47.9966
48.0502
48.0698
48.0271
48.0292
47.98
48.0012
47.9388
47.9546
48.0004
48.03
48.0434
47.9991
48.0165
47.9845
47.9807
48.0208
48.0418
48.0796
48.0504
48.0368
48.0146
48.0105
47.9886
50.2589
49.6814
49.8951
49.4852
48.9166
48.8248
48.2806
48.3633
48.2817
48.4836
48.6442
48.3401
48.3551
48.1677
48.1926
48.0672
48.0653
48.1891
48.2407
48.342
48.2438
48.203
48.1347
48.0975
48.0249
48.0316
48.0877
48.1663
48.1977
48.1456
48.1482
48.0696
48.0956
48.0066
48.0716
48.1272
48.1717
48.1905
48.1061
48.1227
48.0651
48.069
48.0333
48.0554
48.1045
48.1399
48.1352
48.1044
48.0871
48.0574
48.0522
48.0667
48.1081
48.1243
48.0884
48.0813
48.0502
48.0676
48.0201
48.0342
48.0607
48.0951
48.1296
44.8191
46.8622
46.4124
47.0692
46.8827
46.976
47.4428
47.6773
47.9734
47.8626
47.8467
47.7483
47.7521
47.6662
47.8352
47.9149
48.052
48.0315
47.9435
47.9988
47.8499
47.9017
47.7963
47.8929
47.9888
48.0278
48.0602
47.976
47.9921
47.9302
47.906
47.865
47.9169
47.9818
47.9822
47.9557
47.9195
47.9197
47.8841
47.9113
47.9357
47.992
48.0306
47.574
47.6036
47.54
47.5627
47.5208
47.5402
47.5951
47.6191
47.6699
47.6364
47.6484
47.6324
47.6293
47.6133
47.6189
47.6588
47.702
47.6896
47.6658
47.6706
45.798
47.3695
46.6289
47.5442
48.0511
47.5872
47.7744
47.4517
47.6156
47.455
47.5067
47.7371
47.8386
47.8756
47.7779
47.7629
47.7039
47.6882
47.8258
47.947
48.0188
47.9592
47.9408
47.8855
47.9022
47.8033
47.8951
47.9422
47.9448
47.9684
47.8711
47.9053
47.8394
47.8753
47.9429
47.9792
47.9995
47.946
47.968
47.9228
47.9071
47.9636
47.9988
48.0491
48.016
47.9914
47.9631
47.9672
47.9369
47.9838
48.0032
47.9746
47.9761
47.9471
47.9545
47.8986
47.9158
47.9503
47.9851
47.9893
47.9337
47.9431
47.9113
47.9235
50.2927
49.6497
49.8735
49.0025
48.8704
48.484
48.2513
48.0542
48.0397
48.231
48.4143
48.4468
48.2841
48.2784
48.1322
48.1873
48.0071
48.0558
48.16
48.2449
48.2656
48.1001
48.1347
48.0395
48.0552
47.9849
48.0183
48.0991
48.1613
48.1457
48.1016
48.0746
48.0321
48.0469
48.0543
48.1155
48.1365
48.1333
48.1367
48.0678
48.0908
48.0198
48.0396
48.0875
48.1212
48.1683
48.1119
48.1215
48.0916
48.0906
48.0638
48.042
48.0843
48.1243
48.1495
48.1206
48.1093
48.0858
48.0932
48.0527
48.0682
48.0855
48.121
48.9511
46.9738
47.6944
47.0449
47.3554
47.1217
47.4392
47.7955
47.9586
48.054
47.8903
47.8765
47.7937
47.7551
47.679
47.84
47.9395
47.9431
47.911
47.837
47.8616
47.7521
47.801
47.8546
47.9511
48.0399
47.9316
47.9792
47.8967
47.9289
47.8658
47.8681
47.9416
47.9738
48.0392
47.9893
47.9771
47.9415
47.9275
47.8961
47.9146
47.9548
48.0093
48.0023
47.9646
47.9692
47.9206
47.9419
47.8752
47.9233
47.9673
48.0013
48.0203
47.9661
47.9831
47.9482
47.9553
47.9733
47.9901
48.0282
48.0003
47.9961
47.9803
47.0217
46.6676
47.1568
47.7689
48.2646
48.1044
47.8884
47.9472
47.6809
47.8185
47.8049
48.011
48.1827
47.9532
48.0161
47.8445
47.9032
47.835
47.9044
48.0214
48.0905
48.0938
48.0292
47.9943
47.4889
47.4607
47.5562
47.6526
47.6336
47.592
47.6043
47.5571
47.6003
47.6007
47.6763
47.7379
47.6722
47.7088
47.6547
47.6856
47.6441
47.6884
47.7484
47.7787
47.8025
47.7644
47.7588
47.7385
47.7401
47.7912
47.8397
47.8289
47.8093
47.8141
47.7933
47.8035
47.8256
47.8677
47.8952
47.8607
47.8758
47.8285
47.8452
47.8101
50.0562
50.153
49.7349
49.53
48.8994
48.866
48.5557
48.3648
48.5746
48.6817
48.6252
48.4689
48.3669
48.2432
48.2114
48.2406
48.3591
48.4046
48.3122
48.3025
48.2298
48.2624
48.1351
48.2229
48.2664
48.3434
48.3525
48.2372
48.259
48.1523
48.1758
48.2404
48.2817
48.2971
48.2182
48.2387
48.1969
48.1933
48.2452
48.2614
48.3107
48.2634
48.2584
48.2248
48.2034
48.1695
48.2048
48.241
48.2359
48.215
48.1839
48.1875
48.1557
48.1582
48.1748
48.2121
48.2037
48.1706
48.1854
48.13
48.1431
48.1657
48.1994
48.2315
45.0457
46.978
46.3687
47.0689
46.8876
47.0428
47.4995
47.7062
47.7776
47.6649
47.6459
47.5636
47.5748
47.5104
47.6916
47.775
47.9231
47.9413
47.8633
47.8868
47.7174
47.7592
47.677
47.7712
47.8711
47.907
47.9316
47.8737
47.8787
47.8209
47.8014
47.7643
47.8354
47.8849
47.8484
47.8304
47.7859
47.8062
47.751
47.765
47.799
47.8582
47.9139
47.8403
47.856
47.8117
47.8336
47.8094
47.8065
47.8558
47.8891
47.9306
47.9046
47.8863
47.8566
47.8588
47.8317
47.8392
47.8558
47.8965
47.9273
47.8965
47.9131
45.2516
46.9804
46.6201
47.3381
47.9198
48.1092
48.1753
47.9826
47.9698
47.7934
47.727
47.9412
48.1157
48.2286
48.1207
48.0726
47.9862
48.0014
47.9013
48.0188
48.0644
47.9786
48.013
47.935
47.9523
47.8346
47.8729
47.9528
48.0186
48.0474
47.9528
47.973
47.912
47.929
47.9953
48.0225
48.0836
48.0367
48.0438
48.0091
47.9834
47.9424
47.9849
48.0326
48.0058
47.9919
47.9633
47.9614
47.9267
47.9727
47.9926
48.0367
48.0417
48.0099
48.0285
47.9689
47.9842
48.0144
48.0517
48.0649
48.0222
48.0366
47.9959
48.0091
48.2902
48.7204
49.2354
48.3317
48.3786
48.1168
48.0322
48.1391
48.0537
48.2772
48.4573
48.5257
48.3886
48.3411
48.2294
48.2388
48.0584
48.0763
48.1429
48.2506
48.3474
48.212
48.2423
48.1222
48.1392
48.0577
48.0971
48.1752
48.2217
48.2411
48.1793
48.144
48.0979
48.0786
48.0297
48.0926
48.1168
48.1728
48.1577
48.1052
48.1138
48.0329
48.0525
48.0593
48.1047
48.1515
48.077
48.081
48.0386
48.0527
48.0266
48.0148
48.057
48.0863
48.1222
48.0974
48.08
48.0506
48.0501
48.0238
48.0288
48.0415
48.0772
49.7748
47.9412
48.2428
47.4189
47.7069
47.3591
47.5581
47.8955
48.0146
48.0405
47.8061
47.8833
47.7921
47.7408
47.6655
47.7848
47.9272
48.0567
48.0169
47.9458
47.9392
47.8856
47.9057
47.7914
47.8901
47.9485
48.0368
48.0698
47.9853
48.0217
47.9359
47.9649
48.0335
48.0744
48.1377
48.0669
48.086
48.0366
48.0286
47.9925
47.9676
48.023
48.073
48.1067
48.0774
48.0635
48.0327
48.035
47.9931
48.0131
48.0318
48.0744
48.0763
48.0258
48.0437
47.9883
48.0001
47.9634
47.9964
48.0345
48.0502
48.0634
48.03
48.4127
47.5891
47.4493
47.2335
47.7348
48.1189
48.1012
47.9627
47.7677
47.7711
47.6353
47.745
47.8344
48.0095
48.1275
48.0025
48.0373
47.8471
47.89
47.7723
47.7962
47.9078
47.9508
48.0467
47.9595
47.9638
47.9205
47.9053
47.8625
47.8847
47.9483
48.0195
47.9856
47.9317
47.9334
47.8842
47.912
47.8206
47.8472
47.8988
47.9466
48.0023
47.9395
47.9617
47.9262
47.9397
47.9112
47.9304
47.9778
48.0148
48.0091
47.9884
47.9734
47.949
47.9495
47.9149
47.9567
47.9727
48.0122
48.0238
47.9846
48.0001
47.9507
48.2434
48.1611
48.6413
49.0535
48.8172
48.8312
48.4452
48.378
48.1846
48.2884
48.4707
48.6196
48.5149
48.3772
48.3199
48.194
48.2002
48.2499
48.3578
48.3568
48.2678
48.3003
48.1397
48.1704
48.1518
48.2209
48.2981
48.1925
48.2161
48.1304
48.1317
48.0691
48.0945
48.1591
48.2093
48.1997
48.158
48.1363
48.0989
48.1017
48.136
48.1873
48.1785
48.1433
48.1479
48.0861
48.0918
48.0793
48.1244
48.1676
48.116
48.1294
48.0804
48.0924
48.057
48.0755
48.1147
48.1387
48.1481
48.1178
48.0962
48.0622
48.0622
48.093
50.2876
48.916
48.1616
48.1272
47.663
47.7806
47.6876
48.0132
48.2088
48.3918
48.4312
48.12
48.1278
47.964
48.0371
47.9519
48.0185
48.1432
48.0987
48.1085
48.0214
47.9804
47.9208
47.9298
47.9698
48.0573
48.1004
48.0256
48.0134
47.9733
48.0079
47.9361
47.9614
47.9983
48.0628
48.1237
48.0387
48.0605
47.9858
48.0143
47.9711
47.9687
48.022
48.0438
48.0948
48.0654
48.0691
48.0387
48.021
47.9929
48.0322
48.0656
48.1067
48.0854
48.0549
48.0575
48.0231
48.0398
48.0211
48.0589
48.0884
48.1185
48.1302
44.7894
46.8494
46.6004
47.0809
47.7123
47.9252
48.2632
47.9846
48.0396
47.9141
47.8307
47.7245
47.7164
47.8967
48.0541
48.1132
48.0233
48.0049
47.9103
47.9628
47.8222
47.8723
47.9416
48.0376
48.0807
47.5604
47.6104
47.5364
47.5845
47.5361
47.5851
47.6693
47.7244
47.7382
47.7099
47.6983
47.6702
47.6751
47.6495
47.7157
47.7512
47.8109
47.8062
47.7714
47.7836
47.7175
47.7423
47.7475
47.7995
47.8484
47.7902
47.8093
47.7663
47.7914
47.7731
47.7697
47.814
47.8411
47.8825
47.8573
47.8459
47.8267
47.8246
46.6183
47.5407
48.0819
48.6232
48.4245
48.1213
48.2411
47.8824
48.0039
48.1687
48.3522
48.51
48.2092
48.2367
48.0654
48.1075
48.023
48.0715
48.1868
48.0588
48.0666
48.0086
47.969
47.9303
48.0104
48.0851
48.1652
48.1295
48.0706
48.0688
48.0053
48.0354
48.0637
48.1282
48.1769
48.0977
48.1224
48.052
48.0743
48.0232
48.0647
48.117
48.0497
48.068
48.0206
48.0214
47.994
48.0147
48.061
48.103
48.0891
48.0602
48.0485
48.0222
48.0282
48.0538
48.093
48.1132
48.0882
48.0954
48.0527
48.0666
48.0555
48.0903
50.2603
47.6028
48.0284
47.3299
47.6435
47.4743
47.5713
47.9113
48.0509
48.2736
48.1007
48.0368
47.9274
47.8886
47.7868
47.8127
47.9022
48.0345
48.0969
47.9977
48.0257
47.9091
47.954
47.8687
47.9655
48.0536
48.0977
48.1189
48.0366
48.0537
47.9879
47.9795
47.938
47.9785
48.0423
48.1035
48.0775
48.0461
48.0516
48.0156
48.0331
48.0578
48.1091
48.1387
48.0887
48.1082
48.0353
48.0532
47.9998
48.0135
48.0568
48.0755
48.1174
48.0815
48.0929
48.0685
48.053
48.0278
48.0208
48.0551
48.0911
48.0725
48.0449
47.8572
46.9241
47.4634
47.4666
48.0304
48.3188
48.5523
48.5884
48.1606
48.2367
47.9967
48.026
47.8821
47.9549
48.1087
48.2046
48.191
48.1023
48.054
47.9822
48.0025
48.0387
48.137
48.173
48.1093
48.0981
48.0143
48.0267
47.9083
47.9357
47.9901
48.0573
48.1248
48.0437
48.068
47.9958
48.0251
47.9927
47.9785
48.0364
48.0737
48.1222
48.0803
48.0544
48.0082
47.998
47.9649
47.9842
48.0062
48.0516
48.0482
48.0196
48.0423
47.9921
48.0084
47.9568
47.969
48.0083
48.0291
48.0333
47.9857
47.9988
47.9793
47.742
47.226
47.9216
48.5146
48.4184
48.3012
48.0618
48
47.8273
47.8741
47.9727
48.1616
48.1207
47.9675
48.0359
47.8233
47.8855
47.9966
48.1014
48.2114
48.072
48.1106
48.0207
48.0333
47.9609
47.9966
48.0807
48.0741
48.0596
48.0172
47.9926
47.9495
47.9748
48.0204
48.0851
48.0788
48.0303
48.0439
47.9845
47.9932
48.0242
48.0782
48.1297
48.0671
48.0852
48.0282
48.0377
47.9959
48.0168
48.0625
48.0517
48.0636
48.0355
48.0136
47.9762
47.9775
48.0107
48.05
48.0427
48.0161
48.0147
47.9793
47.9921
48.0065
50.3009
50.2508
48.7849
48.8096
48.032
48.1159
47.8141
47.8785
48.1474
48.2239
48.4084
48.2108
48.1703
48.0349
47.9765
47.8949
48.0167
48.1121
48.2249
48.1741
48.0835
48.0796
48.0015
48.0445
47.9345
48.0244
48.1002
48.1597
48.1761
48.0614
48.0873
48.0231
48.0437
48.0705
48.0936
48.1538
48.0891
48.0829
48.0505
48.0401
48.0065
48.0054
48.0485
48.0984
48.1161
48.0768
48.0845
48.0459
48.0541
47.9841
48.0011
48.0363
48.0707
48.1116
48.0613
48.0758
48.0373
48.0431
48.0083
47.9991
48.0369
48.0634
48.0705
46.3135
46.6376
46.6251
46.9338
46.8268
47.4023
47.6177
47.9512
47.9764
47.7696
47.8254
47.5613
47.6668
47.7219
47.8761
48.0238
47.8309
47.8866
47.7653
47.8013
47.7443
47.7195
47.6701
47.7466
47.8472
47.8525
47.8229
47.7787
47.7787
47.7389
47.771
47.8148
47.89
47.9352
47.8972
47.9125
47.827
47.8557
47.7904
47.8121
47.8719
47.9047
47.9601
47.9113
47.9335
47.9038
47.8906
47.8642
47.8673
47.9155
47.9615
47.9463
47.9193
47.9113
47.8803
47.8887
47.849
47.891
47.9156
47.9547
47.9632
47.9137
47.9292
45.7574
47.3301
47.6746
48.0676
48.5034
47.9638
48.0371
47.8219
47.7678
47.6678
47.8422
48.0319
48.2038
48.1252
48.0097
48.0345
47.9457
47.9966
48.0483
48.159
48.1442
48.0163
48.0588
47.9206
47.9474
47.9779
48.0406
48.1196
48.0079
48.0266
47.9843
47.9935
47.9515
47.9827
48.0476
48.1092
48.0839
48.0457
48.0363
47.996
48.0148
48.0443
48.0955
48.0836
48.0436
48.0651
48.0027
48.0242
48.0186
48.0606
48.1042
48.0513
48.0654
48.0212
48.0291
48.0055
48.0222
48.0607
48.0909
48.092
48.0737
48.0587
48.0357
48.0392
49.7253
50.0052
49.6341
48.7366
48.6214
48.1965
48.2889
47.8287
47.8717
48.0953
48.2407
48.2957
48.0335
48.0939
47.9627
48.0041
47.9215
47.9796
48.1
48.1869
48.1722
48.1128
48.0643
47.9844
47.9899
47.9215
48.0092
48.0434
48.1211
48.1364
48.0734
48.1
47.6225
47.6459
47.7119
47.772
47.8391
47.7597
47.7826
47.732
47.7469
47.7219
47.7142
47.7728
47.819
47.8645
47.8433
47.8314
47.8071
47.8053
47.6514
