0.031957
0.374347
0.439935
0.526675
0.609946
0.697116
0.717688
0.730622
0.745222
0.736357
0.753894
0.757469
0.747245
0.758222
0.753675
0.756634
0.740083
0.749132
0.757395
0.757814
0.692612
0.791558
0.740751
0.757287
0.742207
0.757573
0.750689
0.76349
0.735575
0.761139
0.731979
0.74952
0.759868
0.751897
0.745988
0.753513
0.760265
0.737209
0.747738
0.754131
0.750654
0.761628
0.715181
0.776682
0.750236
0.755024
0.734053
0.764228
0.738135
0.745445
0.757052
0.745683
0.756561
0.749044
0.745826
0.754224
0.748079
0.7432
0.74569
0.758948
0.738413
0.773361
0.756238
0.752
0.741593
0.736328
0.76705
0.733825
0.736237
0.753698
0.751884
0.752284
0.750986
0.769054
0.746753
0.74296
0.761954
0.738327
0.730521
0.758292
0.760957
0.740965
0.768455
0.742266
0.757948
0.745893
0.755893
0.733483
0.74286
0.765359
0.749279
0.741955
0.748385
0.743855
0.766585
0.76102
