39.7907
67.9778
86.3602
96.4769
110.047
84.3118
86.1379
106.448
84.3438
97.5952
107.385
Control Period 
107.385
89.9032
106.32
88.2109
90.4621
116.753
92.0506
90.8712
102.364
90.1541
107.439
Control Period 
107.439
88.4084
110.527
90.3445
109.442
93.8938
97.1846
106.493
90.107
111.855
90.1019
Control Period 
90.1019
108.822
89.8446
104.393
98.8924
99.9764
104.985
90.5558
109.318
89.6867
91.1717
Control Period 
91.1717
101.808
108.846
97.7387
92.6659
109.321
86.7803
112.201
88.273
109.417
89.9254
Control Period 
89.9254
101.813
108.43
90.1496
110.861
92.2223
114.527
86.8599
110.495
90.1334
114.152
Control Period 
114.152
93.2792
104.43
104.802
96.5995
108.693
86.0883
111.509
90.326
111.576
89.6631
Control Period 
89.6631
107.935
100.998
95.6706
108.314
86.1684
111.216
90.0463
113.185
89.9335
116.125
Control Period 
116.125
89.9158
110.329
99.4279
103.44
103.839
94.967
108.213
95.9108
110.819
89.9815
Control Period 
89.9815
115.168
91.7924
110.844
89.7568
118.44
96.4774
90.064
123.68
90.8922
91.6375
Control Period 
91.6375
117.441
91.5593
126.641
90.9327
113.033
90.1455
91.6355
103.243
91.597
127.941
Control Period 
127.941
91.5656
90.0164
112.657
89.876
111.169
91.0166
100.268
109.172
89.9766
112.595
Control Period 
112.595
90.7723
117.081
90.3774
111.114
91.2214
112.425
92.6407
115.36
91.8782
97.435
Control Period 
97.435
94.6543
101.049
99.2137
103.502
106.853
103.529
106.849
103.158
109.771
Control Period 
109.771
101.39
107.007
95.1504
107.423
89.5562
111.559
93.5755
112.382
90.0331
117.105
Control Period 
117.105
90.6209
117.152
91.5066
125.218
91.6674
124.576
89.7996
116.142
90.9821
113.279
Control Period 
113.279
91.7208
110.193
90.7574
109.019
86.3076
120.429
91.1884
112.81
91.7832
113.031
Control Period 
113.031
89.7878
112.715
92.6763
108.563
95.4258
95.0711
97.7103
90.0223
124.244
Control Period 
124.244
90.9602
121.989
91.4708
113.246
93.9675
111.895
91.6227
116.627
91.0384
110.292
Control Period 
110.292
91.1753
116.986
91.4671
111.454
91.5799
110.81
89.8553
126.785
91.9668
127.42
Control Period 
127.42
91.4426
116.317
91.5659
111.926
91.7591
111.446
87.2795
111.81
90.6017
115.732
Control Period 
115.732
94.2613
111.702
91.6473
107.162
92.2829
113.365
97.8804
110.801
106.922
Control Period 
106.922
103.07
116.272
94.8483
117.721
91.1021
117.213
91.6133
117.439
91.9068
124.179
Control Period 
124.179
90.6755
124.579
91.5336
115.037
91.947
111.759
93.955
110.867
92.6067
Control Period 
92.6067
115.61
91.9867
116.465
91.6532
124.351
92.7735
114.285
102.436
107.853
116.841
Control Period 
116.841
96.4007
117.183
91.8096
124.447
91.0418
112.595
92.9193
113.687
91.6246
118.639
Control Period 
118.639
101.396
102.842
112.321
94.3014
118.876
92.3252
113.333
91.7893
121.956
Control Period 
121.956
91.5079
118.79
96.2182
111
104.575
104.431
104.601
100.305
116.119
91.9154
Control Period 
91.9154
121.277
92.7244
116.63
96.0535
116.888
102.749
102.694
108.927
95.9288
Control Period 
95.9288
106.339
93.3543
115.146
91.8594
119.899
96.6507
108.767
110.238
94.6476
110.069
Control Period 
110.069
93.7464
116.459
95.4693
111.007
101.637
104.007
108.888
94.927
110.083
Control Period 
110.083
91.4999
114.99
93.8362
119.812
91.8193
116.715
91.8511
104.099
100.125
92.8911
Control Period 
92.8911
111.407
97.0389
118.614
91.8262
117.392
91.7853
111.98
91.7925
114.251
98.8635
Control Period 
98.8635
108.176
111.37
96.0321
117.578
91.2329
118.776
91.7428
130.629
91.7451
Control Period 
91.7451
119.609
95.2253
90.5189
91.3481
113.889
95.8044
116.205
91.6097
117.52
91.7625
Control Period 
91.7625
112.204
91.9161
113.688
92.3248
117.839
90.8266
118.12
91.0309
117.515
Control Period 
117.515
91.2667
126.29
91.6722
125.036
91.6428
116.372
98.7849
109.169
98.1892
107.304
Control Period 
107.304
100.23
105.034
96.5553
98.2991
106.426
93.7391
116.402
92.598
114.641
91.7637
Control Period 
91.7637
116.63
91.7171
117.526
91.684
117.507
91.6654
117.227
100.168
108.947
Control Period 
108.947
115.945
95.8437
116.28
90.823
118.794
90.9876
117.575
91.6613
115.064
91.812
Control Period 
91.812
119.803
95.4988
109.637
96.553
109.725
91.6775
107.381
91.6169
117.611
Control Period 
117.611
97.6829
109.526
103.849
105.523
116.017
94.6495
117.659
91.0749
123.818
91.2786
Control Period 
91.2786
112.639
92.0078
115.052
91.9449
119.815
94.43
111.889
94.1826
108.594
91.6535
Control Period 
91.6535
106.307
92.8523
116.47
98.9173
108.399
103.814
104.381
113.678
94.7239
Control Period 
94.7239
123.847
91.4377
128.569
91.5897
115.03
91.5126
116.119
93.9854
118.31
91.2139
Control Period 
91.2139
102.491
96.8359
102.629
92.9306
110.191
99.1312
117.815
90.8999
118.655
90.8171
Control Period 
90.8171
116.185
91.0357
126.287
91.6759
124.959
91.5602
115.044
91.5406
118.471
Control Period 
118.471
94.6755
109.561
91.8154
119.926
91.5047
91.4932
125.809
91.7049
124.147
91.6145
Control Period 
91.6145
115.074
101.444
106.132
105.231
100.175
110.176
95.8224
116.216
91.0855
99.2439
Control Period 
99.2439
111.222
90.5749
111.849
92.8927
113.077
91.6481
108.383
91.567
103.598
Control Period 
103.598
Control Period 
103.598
