78.6911
97.1653
Control Period 
97.1653
102.557
97.3582
102.937
100.652
101.004
101.864
96.9786
101.5
97.0963
102.415
Control Period 
102.415
97.0394
101.844
99.3829
101.735
102.476
101.674
102.156
99.297
101.78
97.5194
Control Period 
97.5194
102.121
97.4225
101.686
100.672
102.27
101.522
77.6701
96.9846
101.591
97.4485
Control Period 
97.4485
72.5268
101.27
101.825
100.66
101.678
99.5983
102.666
98.1304
101.389
97.4357
Control Period 
97.4357
102.345
102.163
102.398
101.79
101.885
101.697
97.0551
101.775
97.5258
101.285
Control Period 
101.285
99.4817
101.768
101.554
101.175
101.648
98.5482
101.369
97.9002
101.348
98.8934
Control Period 
98.8934
102.176
101.529
101.628
101.366
100.906
101.672
97.3442
101.977
97.458
101.01
Control Period 
101.01
101.872
102.168
102.179
101.79
101.586
97.3013
101.098
97.4881
101.182
101.118
Control Period 
101.118
102.335
102.392
101.814
101.001
98.278
79.2123
101.628
98.2678
101.855
102.239
Control Period 
102.239
98.7417
100.755
96.1262
100.342
100.876
101.178
100.857
101.786
101.014
96.3777
Control Period 
96.3777
102.648
101.742
101.448
100.771
101.887
102.725
97.6131
102.173
97.5229
101.009
Control Period 
101.009
101.059
100.674
100.784
101.331
101.233
96.7777
100.891
97.6879
101.401
102.053
Control Period 
102.053
101.821
101.013
97.8036
100.669
97.555
101.539
101.913
101.405
102.032
101.453
Control Period 
101.453
100.875
97.2555
101.318
98.6746
101.644
102.023
101.016
100.813
96.9501
102.023
Control Period 
102.023
97.4795
101.058
101.852
100.752
101.361
97.8933
101.884
97.0939
101.496
101.037
Control Period 
101.037
101.834
101.976
101.106
102.413
96.9312
101.344
97.4641
101.443
102.148
101.685
Control Period 
101.685
100.865
96.9691
101.607
98.9413
101.066
101.518
100.873
101.998
96.7893
101.674
Control Period 
101.674
99.8094
101.556
101.679
101.003
100.983
96.5972
101.804
97.8008
101.558
Control Period 
101.558
101.553
101.47
101.652
97.4201
102.364
97.4867
101.868
102.137
101.09
100.887
Control Period 
100.887
99.6258
100.887
97.4344
101.588
101.23
101.613
101.294
101.384
102.259
96.9473
Control Period 
96.9473
101.506
97.6614
100.944
100.683
101.038
102.323
96.8406
101.547
97.4121
101.049
Control Period 
101.049
102.128
100.848
100.85
99.6303
101.14
97.5627
101.436
97.2521
100.854
100.787
Control Period 
100.787
101.46
100.66
97.6566
101.386
96.8443
101.19
100.491
100.456
101.113
96.4975
Control Period 
96.4975
101.213
100.702
100.015
101.014
96.0331
100.069
98.0161
101.497
100.573
100.352
Control Period 
100.352
100.525
96.5202
100.842
100.738
101.242
100.91
96.6
101.584
98.055
101.539
Control Period 
101.539
100.938
99.9096
100.395
96.5071
74.02
99.8362
100.21
96.2849
100.323
98.7253
101.157
Control Period 
101.157
100.48
101.383
100.477
96.1124
101.481
100.654
100.412
100.336
96.5535
101.574
Control Period 
101.574
96.8529
99.9931
100.762
99.8918
100.827
96.4783
101.257
100.831
99.8136
101.123
Control Period 
101.123
96.6069
101.71
96.9433
101.116
100.96
99.429
100.521
96.8045
101.047
100.666
Control Period 
100.666
100.992
100.374
96.1751
100.235
97.6401
100.883
101.07
99.8648
100.801
96.4748
Control Period 
96.4748
100.282
100.346
100.314
100.756
96.5852
101.509
99.9321
101.06
100.743
98.3491
Control Period 
98.3491
100.797
96.4957
100.947
100.025
100.554
100.653
96.954
101.647
98.3792
101.316
Control Period 
101.316
100.727
98.3448
100.292
96.8572
101.441
100.655
100.831
101.16
96.5648
100.026
Control Period 
100.026
97.076
101.421
100.73
97.0701
100.641
96.4492
101.602
100.398
101.162
100.512
Control Period 
100.512
97.1499
100.443
77.0519
100.387
100.947
101.064
96.7505
100.208
100.873
100.161
Control Period 
100.161
100.942
96.895
101.599
97.2587
101.427
100.753
101.069
101.059
96.5247
100.163
Control Period 
100.163
101.149
101.26
101.043
96.4527
101.704
97.38
101.465
100.311
100.943
101.189
Control Period 
101.189
96.922
101.334
100.764
101.416
100.982
96.4205
99.9939
97.2601
101.311
100.639
Control Period 
100.639
100.438
100.61
96.4301
101.318
100.843
101.388
100.727
96.2494
100.275
97.1538
Control Period 
97.1538
101.113
100.714
98.4554
100.497
96.7601
101.286
100.543
100.441
101.111
96.7592
99.9746
Control Period 
99.9746
100.397
100.951
101.098
96.2204
101.588
97.0718
101.356
100.725
101.229
101.097
Control Period 
101.097
96.6838
100.339
99.2518
100.882
100.845
96.2673
101.687
96.614
101.324
100.695
Control Period 
100.695
100.01
101.22
96.6785
101.604
100.384
101.364
101.059
96.5848
101.079
97.4439
Control Period 
97.4439
100.986
100.858
98.472
100.976
96.7306
101.68
100.9
101.968
101.85
77.1402
Control Period 
77.1402
97.2217
101.013
101.337
98.5301
100.508
96.8255
101.23
100.873
100.994
100.534
Control Period 
100.534
96.882
101.378
98.8292
100.924
101.025
97.4444
100.816
96.8351
101.64
100.884
Control Period 
100.884
100.292
100.528
76.2352
98.8632
100.059
101.251
97.2437
100.324
97.1046
101.38
Control Period 
101.38
100.518
98.647
100.995
96.7929
101.168
100.815
101.317
101.02
97.8128
102.126
Control Period 
102.126
76.9168
100.792
101.467
102.172
97.2364
101.427
98.5737
101.024
101.62
101.833
Control Period 
101.833
Control Period 
101.833
