187.698
160.307
161.286
159.57
158.51
158.577
157.61
157.377
158.379
172.165
163.893
Control Period 
163.893
161.924
167.009
158.49
175.828
171.279
157.921
166.37
165.579
158.564
166.937
162.876
161.865
Control Period 
161.865
169.16
158.198
166.302
164.727
160.354
166.943
163.636
161.614
167.499
159.895
164.837
168.121
Control Period 
168.121
158.386
166.784
163.838
161.662
166.704
161.97
162.723
167.231
168.321
165
163.216
167.799
158.406
Control Period 
158.406
163.548
162.341
168.135
159.444
166.331
164.771
160.889
166.183
162.806
163.124
167.566
159.512
Control Period 
159.512
166.961
168.138
159.249
166.853
162.792
161.875
166.744
160.337
164.62
167.179
158.845
166.715
Control Period 
166.715
165.335
161.463
167.162
162.648
162.484
167.461
161.493
165.264
166.506
158.575
166.487
165.206
Control Period 
165.206
161.732
167.141
163.471
162.998
166.924
159.674
166.349
167.158
160.166
166.278
163.815
163.084
Control Period 
163.084
166.714
163.707
162.66
168.168
158.714
166.924
166.483
159.649
166.893
163.407
162.072
168.129
163.034
Control Period 
163.034
163.052
168.538
158.714
166.816
165.714
161.07
174.179
167.441
164.817
169.452
171.305
165.376
Control Period 
165.376
160.992
168.143
163.496
162.248
168.57
163.461
166.044
168.117
160.714
169.13
168.084
158.607
Control Period 
158.607
176.196
171.531
159.408
167.304
164.071
164.912
170.391
165.539
164.754
169.935
159.69
166.397
Control Period 
166.397
166.648
160.848
167.365
163.917
162.837
168.287
163.348
162.43
168.152
158.758
167.541
168.214
Control Period 
168.214
158.836
167.362
164.949
161.628
168.427
163.364
163.214
168.215
163.045
163.645
167.772
159.778
Control Period 
159.778
167.35
167.813
159.338
167.142
165.171
161.599
167.503
163.766
162.797
168.646
162.997
162.672
Control Period 
162.672
168.592
159.193
166.958
168.513
159.08
167.453
165.035
161.722
167.681
163.112
163.602
168.085
Control Period 
168.085
162.301
164.239
167.693
159.129
167.391
169.555
159.82
166.686
165.398
161.742
168.084
163.912
Control Period 
163.912
163.156
168.647
162.818
164.71
170.259
160.256
166.15
168.535
160.757
169.242
168.214
159.235
167.88
Control Period 
167.88
165.096
161.3
168.104
162.876
163.024
168.295
164.121
163.266
168.102
161.099
166.382
168.024
Control Period 
168.024
159.22
166.786
167.44
159.519
168.659
164.238
163.16
168.276
163.716
162.737
168.263
159.888
Control Period 
159.888
166.917
167.801
159.585
167.625
168.266
160.02
167.196
163.726
162.574
168.305
164.026
162.481
Control Period 
162.481
167.732
159.118
167.24
168.171
159.352
167.425
167.178
159.51
167.313
163.88
163.05
168.034
Control Period 
168.034
163.952
162.851
168.099
160.796
165.499
169.164
160.009
167.117
164.713
162.71
167.944
163.444
Control Period 
163.444
163.915
168.275
159.099
167.267
169.035
159.042
167.325
167.904
159.654
168.828
169.474
159.327
Control Period 
159.327
166.783
168.467
159.368
167.442
168.02
159.328
167.412
164.726
160.727
167.244
163.717
163.138
168.139
Control Period 
168.139
164.24
162.442
168.549
163.493
163.017
168.669
163.834
162.965
168.019
161.262
164.416
168.211
Control Period 
168.211
159.478
166.255
168.114
159.284
165.909
163.539
167.646
162.539
163.112
168.584
161.056
165.439
Control Period 
165.439
167.758
159.105
167.379
167.625
159.754
167.885
168.598
159.693
166.731
166.994
159.344
167.541
Control Period 
167.541
164.624
161.329
168.201
163.441
162.982
168.373
163.966
162.714
167.872
164.275
162.379
168.686
Control Period 
168.686
163.667
163.126
168.182
160.16
165.589
167.571
159.556
166.862
168.229
159.113
166.844
168.239
Control Period 
168.239
158.978
167.605
164.886
160.371
167.308
165.216
161.278
167.697
164.296
162.185
168.233
163.626
Control Period 
163.626
163.497
168.47
163.549
163.277
167.574
164.072
162.696
168.524
162.997
162.848
168.162
158.84
167.52
Control Period 
167.52
167.986
158.909
166.839
168.146
159.809
167.067
168.7
159.435
167.793
165.889
160.438
167.656
Control Period 
167.656
163.329
163.164
167.786
163.45
162.645
168.511
164.021
162.12
168.957
162.89
163.362
168.146
Control Period 
168.146
160.77
165.339
175.217
165.486
165.229
168.046
159.542
167.404
168.003
159.814
167.158
167.814
Control Period 
167.814
159.362
167.98
172.991
168.146
160.045
167.619
168.857
159.832
167.647
168.599
159.692
167.455
Control Period 
167.455
168.624
159.319
167.674
165.203
161.497
168.098
163.339
163.235
168.208
164.489
163.219
168.396
Control Period 
168.396
164.141
162.553
168.692
163.112
162.819
168.457
160.722
165.753
167.383
160.034
167.946
168.394
Control Period 
168.394
159.991
167.496
168.534
159.387
167.945
166.023
160.705
167.849
165.235
161.781
167.725
163.65
Control Period 
163.65
163.389
167.813
164.328
163.055
168.794
164.129
162.973
168.355
160.958
164.844
168.428
160.688
Control Period 
160.688
165.321
167.675
159.747
166.663
168.793
159.779
167.558
168.644
159.417
167.648
168.934
159.473
167.705
Control Period 
167.705
167.977
159.89
167.373
166.211
160.472
167.573
164.165
162.764
168.871
164.22
162.906
168.779
Control Period 
168.779
164.298
162.974
168.384
162.865
163.444
167.667
161.149
165.07
168.832
159.926
166.732
168.568
Control Period 
168.568
159.46
168.028
168.912
159.546
167.782
167.814
159.946
167.748
167.724
159.692
166.849
165.536
Control Period 
165.536
161.047
168.29
163.907
162.878
168.842
163.531
163.118
168.048
164.421
163.434
169.918
174.54
Control Period 
174.54
167.311
161.232
168.545
164.108
163.456
168.827
163.424
163.359
168.188
164.53
163.637
168.226
Control Period 
168.226
164.439
162.901
168.614
161.899
164.108
168.604
160.611
166.183
168.353
159.462
167.629
167.87
Control Period 
167.87
160.056
167.336
169.517
173.095
161.337
166.766
176.032
166.729
163.846
168.724
160.567
165.647
Control Period 
165.647
168.487
159.443
167.506
167.825
159.971
166.978
168.458
159.667
167.388
165.262
161.78
168.299
Control Period 
168.299
172.821
168.662
160.065
167.273
168.609
159.92
167.385
165.874
160.968
168.181
167.493
151.68
124.235
Control Period 
124.235
115.396
112.184
Control Period 
112.184
