0.114688
9.52422
9.5232
32.3758
9.5232
32.3881
9.54266
27.6572
32.3779
11.8272
30.1025
32.382
16.2714
32.3738
9.5488
25.5201
32.3789
4.27622
32.2335
30.0984
18.5354
32.3697
9.54573
23.0943
31.53
9.53958
26.9589
32.3809
9.9287
32.3727
30.1036
18.56
37.0504
9.5488
33.0148
25.5457
20.3397
32.5294
10.9507
27.8569
34.7085
16.3748
36.9797
9.54675
32.9349
20.9951
26.0137
32.4782
5.14253
32.4332
9.57338
30.4364
9.5703
27.8016
32.5386
18.6614
32.5222
14.1486
29.6745
34.6563
22.3877
36.9828
14.0943
36.9848
7.67488
32.3645
32.4475
18.6808
32.4536
9.5744
32.3727
25.6451
23.5397
32.5253
14.5193
32.5386
14.1117
25.5488
34.8334
15.5146
34.8692
4.82918
37.0022
11.863
25.9471
31.5699
16.7199
31.5935
11.8047
34.7085
9.55699
34.6532
18.7433
28.2296
32.4311
16.7639
31.5658
9.8775
32.4301
9.57338
32.3482
23.3155
25.6614
32.425
17.7797
32.4874
9.56314
32.4495
9.5703
28.1518
30.2254
23.5858
32.5263
20.99
32.4618
9.57542
32.4813
14.1353
27.8313
32.5622
23.2243
32.5222
16.7711
32.4669
10.6342
32.4854
18.69
27.2845
30.2397
23.637
32.5304
23.2069
32.4946
21.3238
32.4813
11.8108
32.4403
9.55597
32.47
9.56211
32.5355
11.8405
32.384
25.5887
23.6728
32.4321
18.6665
34.8621
14.4087
36.9797
5.5593
37.0094
8.96717
32.6042
9.55802
34.9655
9.55597
34.9143
9.54573
30.1814
25.5754
21.6965
34.8662
21.3013
36.9848
19.0126
32.5417
16.3604
32.4987
14.2684
31.6447
9.56928
32.5202
9.55597
30.5879
18.7085
25.9348
34.689
25.9471
34.7392
25.0511
32.511
25.6123
32.5325
25.7874
32.3912
19.0802
32.4372
18.688
33.9661
16.3553
34.8283
16.3789
32.5274
15.1603
32.4895
9.92256
32.4639
9.56211
31.5709
9.5529
36.9859
9.5447
36.9326
9.54778
32.4762
23.4721
28.1999
27.8374
28.1467
25.6461
27.818
27.9071
25.3112
27.8835
26.1151
32.4526
20.9848
32.4127
20.9377
34.8406
21.3289
32.4833
24.9119
30.2059
25.1116
20.9951
27.8723
27.862
27.861
2.01728
28.0812
18.7433
31.4614
9.54266
32.9615
9.55392
32.4649
9.55802
32.4291
8.62925
32.4157
9.56928
33.8217
9.5529
34.0163
9.54675
32.553
7.52128
32.5048
9.58362
32.4792
9.56416
32.4413
9.83654
36.9787
12.1549
32.4669
10.6701
32.4598
16.9267
32.4844
14.5254
32.4362
16.3666
37.0156
18.6624
32.4884
20.9531
32.4833
25.9215
32.4321
23.7015
32.4516
25.9451
28.0351
30.1281
11.8569
32.641
9.55392
37.035
2.93888
32.5427
12.4396
32.4936
11.8016
32.426
14.4753
34.0337
16.6973
32.5202
16.2243
32.4751
25.73
30.1466
25.5232
32.4045
27.8374
18.7597
30.462
9.56621
36.055
9.54266
36.9766
5.15891
32.4915
14.2756
32.4465
12.1313
32.4311
16.3727
34.8733
18.6614
32.4936
19.8113
32.4598
30.1353
27.8518
25.9236
4.0407
28.1559
11.8661
32.4413
9.55085
33.9948
14.0718
32.5652
19.4181
32.4465
23.2673
32.428
25.9707
25.5601
32.3758
9.56928
36.1073
9.87648
34.859
11.6316
32.4997
23.4598
32.4372
23.2653
34.8283
28.1303
11.8415
32.4557
9.5488
36.9756
13.225
32.4966
20.8886
32.4618
23.295
32.427
25.8529
23.4353
32.3697
9.57338
36.1216
9.84166
37.0739
13.5219
32.4782
25.5549
32.4567
23.2571
34.8324
28.1129
11.8446
32.4536
9.55597
34.8733
4.65306
32.4884
21.0596
32.469
27.8692
25.8068
32.3871
9.56518
32.4383
12.2337
34.8989
20.095
32.5448
28.3054
9.54982
32.513
14.1261
32.4649
14.0851
32.4536
21.3361
37.0186
30.1076
9.55597
34.9082
7.05331
32.4628
19.2553
32.4495
25.602
30.1425
30.1281
9.56314
31.6047
11.8241
36.9725
15.1767
32.5099
30.0954
9.5529
32.5059
14.1056
32.4465
12.1764
31.573
20.949
34.8252
26.2861
9.55494
34.8529
10.836
32.5417
19.2051
32.4301
23.6124
31.5843
30.1087
9.56518
32.4352
14.0995
36.9787
24.2438
23.3472
35.0863
9.54778
32.4946
16.9615
32.4157
21.3187
34.8283
29.5782
9.56314
36.951
12.2456
34.773
25.4925
21.0033
35.0362
9.5529
32.4731
14.1066
32.4649
21.3606
23.4476
31.7112
9.5703
32.5601
18.176
37.0504
31.1056
2.01933
34.8283
14.0646
32.5007
23.6483
21.0002
31.6539
9.55494
32.4741
12.1733
32.426
23.6524
9.5703
32.4516
8.44288
34.8549
24.2315
25.6154
34.6153
9.54061
32.556
19.1068
32.4741
23.2469
30.1117
31.6457
9.57542
36.9224
19.6542
32.5089
30.208
9.5529
34.8426
16.6513
32.4966
25.6113
18.7116
31.6447
9.5703
32.4311
18.9993
37.035
32.1682
7.6503
37.0063
15.4896
32.5028
28.1549
9.54982
32.4588
10.0362
32.4628
16.1321
34.8662
32.0995
3.90349
34.8918
17.3768
32.5601
27.9409
9.54266
32.511
16.596
32.4588
20.5332
30.1087
32.4936
1.99885
36.9818
22.6573
32.4946
30.0923
9.54982
33.5442
15.8484
31.6539
25.5918
18.69
31.6631
9.5703
32.4393
18.8948
23.3226
34.69
10.7976
32.5243
28.3474
2.95526
32.4844
18.9727
32.4905
27.8661
16.5939
31.6078
14.08
36.9756
27.5878
18.7412
34.815
13.9708
34.775
24.2028
20.9705
32.4731
14.0964
31.5935
20.9643
34.6583
32.4178
9.56518
36.991
20.1796
27.8733
35.0095
9.7072
32.5284
23.3318
21.0125
32.555
10.6353
32.4403
18.9891
36.948
33.422
9.56416
36.949
22.7762
32.5089
32.7107
4.82611
32.5356
23.2591
32.3953
27.861
9.56928
32.4557
16.384
36.9879
28.045
9.55802
36.9807
16.2769
32.5181
26.1243
4.82304
32.4526
14.4998
32.4178
25.9389
9.56928
31.5843
16.6523
37.0534
32.1354
2.01421
33.5585
22.0243
27.9132
30.634
14.0995
32.4588
19.0464
32.554
33.5658
9.56006
36.9797
24.1823
27.9634
35.0075
14.5975
32.5591
25.4761
1.9927
32.5315
11.7965
31.5976
21.3443
25.726
32.4383
12.1876
34.8723
31.2468
16.4721
36.9766
18.7985
32.4833
25.7812
18.7126
31.66
9.90925
32.4403
20.7708
14.167
32.4854
16.0636
37.0063
31.5539
6.7287
33.5524
20.4655
31.6129
26.0004
18.9082
32.4792
17.4599
34.8324
34.8335
9.57338
34.8344
24.3574
32.4833
33.7301
12.5539
32.511
24.6269
25.5826
31.6447
11.0137
32.4444
26.2632
16.4567
32.4413
16.4466
34.8918
35.8088
9.55085
33.537
24.1801
30.1752
32.4864
14.121
32.468
22.9715
27.8487
32.4434
14.0852
36.9766
33.5715
9.56723
37.0289
24.0902
32.513
30.5946
9.55392
32.511
18.7905
32.4444
30.5172
9.56006
34.7085
26.2582
21.0258
36.9459
19.7862
32.5284
28.3869
9.56109
32.5018
23.9736
32.469
29.8815
9.57235
32.4588
20.9983
30.3155
32.4321
15.7914
34.8559
32.783
9.55597
34.775
16.9618
32.468
32.2747
12.2235
32.4915
22.6819
32.5622
37.3973
12.5754
36.1114
30.9285
21.0401
34.8692
15.1651
32.4905
28.1612
1.98246
32.5038
17.5152
32.4362
31.1262
9.5703
34.004
26.9133
25.5928
36.9879
19.8867
32.5089
29.7637
9.55392
32.5161
19.4116
32.4465
30.2532
9.56928
32.4516
22.3207
18.7443
34.7146
13.6193
32.513
30.8968
1.99475
32.5099
26.2202
23.2847
32.4854
13.8067
31.5924
23.6749
11.8579
32.4536
18.6769
33.5667
36.4501
7.75898
32.511
28.4669
3.87994
32.4966
22.0506
31.6047
31.8948
9.56621
32.4639
25.4288
16.4526
34.7023
21.3852
32.5325
36.7281
15.5672
32.4803
31.5109
9.55085
32.5253
20.5101
32.4475
32.0131
9.56314
32.4536
27.9613
21.0196
36.9551
23.1283
32.5458
34.3964
10.5488
31.6887
29.5601
18.7054
32.5048
17.3203
32.4536
31.8232
3.91885
34.6993
26.9696
0.139264
34.859
20.8683
31.6549
31.2665
9.5447
32.4833
25.9695
27.8692
32.4946
12.9831
32.4741
32.6155
6.74918
36.9582
27.3666
32.5161
35.5448
17.5539
31.7051
27.81
9.56621
32.4854
16.5649
32.4598
35.1363
11.5621
34.8365
33.3105
14.1384
36.9889
25.4026
32.4864
35.6924
15.5478
32.5048
31.0352
16.4096
32.4639
20.1179
34.7218
38.8057
9.56928
36.991
32.9522
16.4792
34.8498
26.0698
32.5048
37.3809
5.03424
32.4823
25.3914
22.4113
32.4628
18.4538
34.8498
39.1641
9.56211
34.8641
33.9531
16.4506
37.0176
22.344
32.4813
38.4352
12.6626
32.4608
23.1171
27.1452
32.4608
19.0861
36.9838
38.9865
9.56723
34.8826
29.0879
18.7412
37.0166
25.0943
32.4669
34.8764
14.1046
32.4987
26.0577
25.7075
32.4782
18.4937
36.9869
41.1897
1.09523
37.0432
34.3289
11.8323
32.5161
26.9091
25.5826
32.5089
18.8088
32.4526
31.8877
9.56723
33.8012
30.9572
14.1619
36.9459
28.3565
32.5489
40.7598
17.5693
32.5366
31.8807
11.8374
32.4874
21.3932
33.8145
38.4527
13.5621
36.9644
36.2183
11.863
34.8672
29.5091
32.5458
38.6309
17.5416
32.4936
35.8292
9.56314
32.4803
22.5945
34.6747
41.4198
10.9035
34.8467
36.2315
2.02035
37.0104
31.3512
32.5161
42.7075
19.5457
32.468
27.297
15.5515
32.5274
18.6613
36.9613
44.1066
11.6088
37.0115
35.2429
5.77946
34.8805
30.5234
31.6498
37.6369
20.5549
32.4833
29.0237
25.5672
32.4403
23.3953
36.9848
42.1569
11.5662
34.8682
37.25
11.8446
33.5278
27.7388
27.8661
32.51
22.2858
32.4598
33.5846
5.79891
32.4291
28.3084
11.8446
36.9787
30.3625
29.3847
39.9531
24.5478
32.5386
33.0833
9.54778
32.512
28.9859
22.4133
32.4628
21.4404
34.8723
43.158
11.559
37.0002
36.3094
11.8661
36.9828
30.383
30.2131
38.7412
20.0132
32.4956
30.2561
16.3912
32.4444
26.7023
27.8456
32.4413
21.4189
32.5192
38.6426
19.5549
32.5356
34.7955
2.96653
32.513
28.1365
4.83021
32.4741
23.1199
34.005
42.1661
12.559
36.9623
37.2879
11.8436
37.0452
33.3666
30.1988
35.5145
24.3152
32.4454
35.5447
14.1097
31.5791
27.9962
21.0022
32.4321
18.9286
25.6113
36.9521
27.1723
32.5356
39.2254
16.5457
32.5304
34.0046
11.8395
32.471
25.3983
32.5612
43.4065
10.0506
34.8447
37.5581
0.11264
36.9797
33.0085
18.6993
32.4516
24.854
24.745
32.5274
20.246
32.3901
35.9215
9.57235
33.8063
34.2562
11.8897
34.8529
32.3697
30.2531
39.8293
25.5468
32.5263
33.2144
10.5508
32.5079
26.8151
27.9921
34.4495
23.1036
34.8652
44.1129
12.5662
37.0186
41.2284
9.54982
31.6508
31.0637
11.8385
32.5171
31.1554
30.1537
37.4444
19.5621
33.8207
38.5293
9.56723
36.9633
36.9551
11.8733
34.9112
33.3809
27.9122
34.5452
27.1441
32.4588
38.8804
4.8871
32.4444
32.3166
8.63027
32.4475
29.0085
18.7351
34.8539
30.3913
32.511
45.6839
21.5447
32.4997
38.8825
2.92147
32.4495
27.7187
26.965
32.4444
26.4004
32.5908
41.5914
18.8529
33.5299
40.0629
9.55392
32.4823
34.8172
1.99885
32.4475
30.1109
2.94195
32.4741
23.4527
36.1155
45.123
15.5724
34.8836
39.3826
9.55802
37.0104
35.6501
18.7187
32.5386
31.0781
32.4608
39.2008
16.5713
31.5843
34.8918
9.56109
34.8529
38.3034
9.5744
34.8846
35.6358
18.7146
37.0217
30.5132
30.1722
36.514
23.4221
32.469
35.5683
9.56928
32.4157
35.2745
9.57543
34.86
34.9512
2.96141
34.8744
33.4035
24.7767
32.5181
25.6104
32.4577
40.311
15.5621
32.4352
35.2796
9.57338
33.7981
34.8938
2.9655
34.8365
32.3635
27.052
37.0268
30.246
32.511
37.3228
16.0556
32.4598
34.2735
9.5703
32.4352
30.3146
7.66771
34.8457
35.6932
23.339
34.9082
32.082
32.4854
42.8022
22.5529
32.4536
34.7148
12.0259
32.4454
32.9449
7.6759
32.427
30.988
16.4608
34.8457
35.3758
25.641
34.9092
32.0933
32.4905
44.7412
19.7631
32.5079
34.3596
16.3881
32.4372
30.9643
11.8589
36.9285
34.7864
21.0483
34.8744
26.8658
30.2254
42.035
26.0906
32.4925
38.9512
11.6598
32.4465
34.2704
9.56826
33.8565
35.9418
11.86
36.9818
31.9071
20.993
34.903
32.5275
30.1466
37.5089
24.4211
32.4639
38.6072
9.5744
32.4332
35.552
9.5703
36.9469
38.0607
9.55802
34.9082
35.6532
18.7064
32.5448
29.7638
17.8463
32.5263
27.5459
32.4362
41.5347
18.5764
34.8324
41.6093
1.10285
34.8764
41.3996
3.86662
33.5442
36.4626
9.5529
32.5427
36.2253
16.4065
31.7061
28.957
32.5919
45.4762
19.1532
36.9398
43.8406
11.5703
36.9613
43.637
9.55904
32.5161
38.9092
9.56314
31.6815
38.9953
9.55494
32.4731
32.69
23.2387
32.4434
31.69
2.96755
34.7197
34.3451
24.7593
36.993
34.081
32.5519
46.7981
24.5478
32.5243
37.6554
12.0381
32.4997
33.335
9.56314
32.4721
35.3298
9.57235
34.8621
39.948
9.57338
34.8928
39.9839
14.1179
32.5028
30.2804
11.8313
32.5284
31.9098
2.93888
32.5274
25.4579
31.703
47.3994
22.5672
36.994
42.6989
9.55699
37.0381
42.2305
2.9655
32.5192
35.764
9.55392
32.5468
35.3709
21.0094
31.6652
29.9942
14.167
32.4536
27.2828
16.4547
34.8375
34.8141
21.0473
34.9143
35.5162
27.9194
38.7884
30.0626
31.5996
40.29
16.5744
32.468
35.3535
9.56621
34.7249
37.2562
3.9127
36.9398
37.9532
14.1588
37.0452
35.7977
21.0166
31.6969
32.0618
27.8815
34.4956
20.4486
32.4465
41.1846
16.558
34.8099
41.5643
9.57338
37.033
39.2439
9.5529
34.773
37.4252
9.54163
32.5181
32.7948
14.1373
32.4864
28.8315
27.8118
34.4332
29.3645
30.1394
38.4424
26.0626
34.7515
46.532
22.5549
32.5263
41.0884
9.8912
32.5519
39.7556
12.5508
32.4628
33.1642
18.6757
31.5884
31.9644
9.57235
36.9879
36.8982
14.1588
34.8815
37.8581
18.7136
34.7556
34.645
4.8384
32.5632
32.6921
25.5969
31.6262
28.1025
37.0084
51.1343
12.9389
34.8764
45.6196
6.71846
37.0227
42.2468
9.54982
32.5417
38.7394
10.5539
31.6815
35.3103
12.0474
32.4844
35.9992
9.56723
32.4792
35.951
5.78662
34.8692
40.6655
16.4332
36.994
36.7813
18.7331
31.746
31.8365
21.0207
32.4854
29.6248
32.4444
45.5623
21.5631
36.993
44.5232
10.5652
34.8631
44.2468
9.55392
32.5642
38.1075
9.57338
32.4495
40.9142
8.82406
32.4526
35.1549
16.5468
32.4495
34.9736
9.5703
36.9766
39.1688
11.8784
34.9071
40.6685
14.1322
34.7843
37.0648
2.95219
32.5212
35.1456
16.3963
32.4925
30.724
23.3236
32.5315
32.1027
16.4229
32.556
34.3157
22.4287
32.4608
34.6839
18.688
31.6047
34.0218
11.861
36.9818
40.6388
16.4526
34.9215
38.6758
18.7341
32.5069
36.9213
2.9399
32.5335
30.8561
30.1537
44.4854
25.7965
34.8631
48.9011
3.10547
34.8979
47.5099
5.88403
32.5028
42.1958
15.5498
32.5233
42.2429
16.5529
31.6191
34.4211
10.6506
32.4567
33.4699
9.57133
34.8232
42.9582
2.02445
37.0074
42.0095
7.65952
33.5258
39.0335
9.56006
31.6713
38.2653
16.4127
32.4669
30.0036
25.5212
32.5018
34.6696
1.08134
34.8273
37.5919
17.8954
36.9951
38.3584
23.3349
33.8842
33.645
16.4393
32.5243
27.1195
21.0258
32.5079
31.3963
25.6645
36.4567
31.385
23.3329
34.8375
35.3882
25.6502
38.0022
35.0943
30.2029
42.9204
26.2619
32.4884
41.8917
19.0013
32.4495
37.6616
9.56006
33.8565
41.5837
9.56314
36.9961
44.2458
9.54982
33.535
41.7359
1.9927
32.51
39.7834
11.5539
32.5304
37.4354
18.7197
32.4772
34.9592
9.5785
33.7951
37.1115
9.5703
34.8365
41.0976
0.090112
36.993
40.6604
6.71027
32.5325
39.2284
11.8323
32.5427
34.6798
21.1507
32.4731
35.0147
9.56621
34.6962
40.985
4.85171
34.9041
40.6808
14.1322
33.5196
39.0192
9.55187
32.5898
38.6728
11.8395
32.4588
33.0382
12.8901
32.4577
36.2716
9.57645
36.9981
43.2511
9.56621
37.0074
44.461
9.55904
32.5396
38.1614
9.55494
32.4956
39.724
12.2517
32.4301
40.2878
9.56314
31.5822
39.5314
12.5652
36.99
44.6898
9.55392
37.0299
44.6513
3.98758
32.5192
44.2778
17.5519
32.5427
38.806
13.0166
32.4424
39.3318
9.56621
33.7541
40.7973
9.56826
36.9695
44.636
5.77229
34.7576
43.9011
14.5508
32.5417
43.1948
16.5549
31.5884
37.7179
13.0658
32.4526
38.3852
9.57235
34.8375
44.254
7.68307
36.9859
45.2356
9.56006
32.5069
43.7606
14.5539
32.5499
39.1591
17.5508
32.4495
35.4917
0.136192
32.4598
38.2929
9.5703
34.7996
44.2172
9.57133
34.8867
45.2643
9.55085
32.5673
41.0184
10.5672
32.5335
42.8376
8.89325
32.4516
36.0176
9.57133
32.4004
38.2407
9.5703
33.9958
44.2468
9.56416
34.9266
45.2853
9.55494
32.5366
41.642
13.6282
32.4813
37.7455
15.1005
31.6682
38.2653
9.56621
32.4096
41.6196
9.56621
36.9787
47.2202
4.81792
36.9981
45.2755
9.56211
32.555
44.8569
14.5621
31.6017
39.2899
14.0974
32.4321
38.3709
9.56826
34.7249
45.255
9.56416
34.8631
47.2468
9.55904
32.5222
43.1539
17.5631
32.4977
45.2962
17.5508
32.4424
39.2735
3.89939
32.4219
38.6503
11.5611
34.8293
45.6401
10.5611
34.8774
45.6114
10.558
32.5018
42.1761
7.08909
32.5396
46.1117
16.8184
32.4813
39.3524
9.57235
32.427
40.2571
9.5703
36.9705
47.4072
9.56518
34.9235
47.2253
1.99987
32.5366
44.1958
17.5478
32.5048
43.3363
18.5478
32.4803
38.0268
9.56416
32.4618
40.4522
9.5744
34.8498
46.2397
5.78458
36.992
46.6298
10.5642
32.5028
45.2337
18.5549
32.4895
39.7046
14.0238
32.4844
39.594
3.08032
32.4209
45.5754
12.6211
34.8334
47.6595
11.559
34.8723
47.6585
10.5662
31.6856
42.1345
18.5539
32.5028
37.9213
14.1271
32.4454
41.6943
11.5631
33.7961
44.5478
13.5611
34.9092
46.5745
10.5734
33.5002
45.0675
13.5498
32.5478
43.0403
10.9481
32.4915
40.724
16.1025
32.4434
38.6769
11.5703
33.8739
45.5735
10.5724
34.8948
43.7831
9.5529
32.4762
46.0595
17.7256
32.5089
44.1765
18.5457
32.5161
41.2765
10.6455
32.4516
39.3836
9.56416
37.0002
47.2417
2.00602
34.8693
48.2438
9.55392
32.5601
44.1006
17.5498
32.5437
44.245
18.5468
32.4608
33.2683
9.56826
32.4291
38.6042
6.7856
34.8641
45.5418
10.5703
34.9
48.6421
11.557
31.7102
44.0567
18.559
32.5028
42.9401
15.9394
32.4762
40.2745
9.56006
32.4577
45.5314
14.5652
37.0074
47.5479
11.556
33.5524
46.9025
17.5529
32.5253
44.9747
14.9368
32.513
42.6133
19.1292
32.4567
41.6657
12.5683
34.731
46.5252
14.5621
36.9756
49.55
11.5652
32.5079
44.9255
17.7672
32.5448
44.9685
21.5519
32.5038
42.5703
17.0494
31.6006
41.6298
12.5672
34.8498
47.7072
1.10752
34.9082
48.5027
11.7144
32.5499
44.9347
21.5672
32.5079
45.0924
21.557
31.6129
40.2786
9.57645
32.4168
42.679
5.0265
34.8375
48.5602
11.5642
36.9695
48.6042
11.5642
32.4936
43.946
21.5549
32.5202
45.161
20.5457
32.4639
39.4026
3.90246
32.4762
43.5959
14.5652
34.8221
48.6493
12.559
34.0029
48.5919
11.5529
32.5427
44.2529
18.5498
32.468
45.0557
12.0892
32.4454
41.298
9.56314
32.4321
45.557
14.5764
37.0299
49.5571
11.557
33.5647
46.8974
9.03424
32.514
44.9654
19.6534
32.4997
42.6379
17.0248
32.4639
41.596
11.5631
34.7126
47.6175
11.5642
34.8416
48.6309
4.9481
32.5202
47.0605
21.5672
32.5499
47.0974
21.559
32.469
40.7251
14.8538
32.4905
37.8189
9.56109
36.948
49.513
11.7287
34.8928
49.6145
11.5611
32.5171
45.0127
18.5601
32.5509
46.1609
22.5529
32.4608
41.3386
0.109568
32.4598
43.8939
17.5703
37.0012
50.5334
15.557
34.8948
52.5334
15.5478
31.6631
47.3341
24.5478
27.0336
41.5151
33.2623
30.1363
47.4147
19.1167
32.4086
46.86
18.6374
34.8355
52.5263
15.5621
34.8948
51.5375
15.5488
32.5458
45.9552
22.5539
32.4977
48.3417
21.5498
32.428
41.4579
9.5744
32.4321
42.9195
17.5764
36.9736
51.5345
15.5672
37.0319
50.6497
14.5529
32.5212
49.1005
15.0029
32.4403
45.6031
17.1176
32.4413
43.6114
13.5683
33.8094
48.5273
15.5693
34.8559
49.6835
14.558
32.5274
46.9562
17.8374
32.5007
49.0913
22.5611
32.4352
43.6339
13.5683
31.5658
42.6145
12.5703
36.9695
48.6447
2.09523
34.8774
50.556
12.7195
34.8826
49.8682
20.5519
34.9501
54.8866
20.558
34.8836
51.9154
17.557
31.6764
49.0564
22.5539
32.4823
42.764
10.4582
32.4833
43.9369
17.5642
32.468
48.8335
17.5621
36.9981
50.5406
15.5754
37.0248
50.5304
16.5549
32.5591
48.141
12.0911
32.5407
45.559
16.3199
32.4895
43.7261
13.5662
33.7684
49.5263
15.5754
34.8723
49.6825
14.5498
33.5698
49.8749
9.09216
32.5468
46.9828
19.7103
32.468
44.6328
20.1005
31.616
41.6195
15.5642
34.69
50.557
14.5683
34.8856
50.516
7.05677
32.5274
46.9378
20.6718
32.4413
46.9798
22.557
32.4813
44.6092
18.0453
32.4669
42.5805
14.5703
34.8273
50.5119
8.00397
37.0094
49.5181
15.5488
32.5192
49.0687
22.5519
32.4956
49.1404
22.5457
32.4372
41.4553
9.56826
32.469
45.5805
11.7805
34.8477
49.5304
15.5744
34.8877
50.5078
15.5498
32.4823
46.9634
22.556
32.5171
49.1271
20.5693
32.4096
41.2878
9.6231
32.4188
44.8693
17.5713
37.0115
50.5058
15.5539
37.0043
50.515
16.559
32.5059
48.14
12.0911
32.4946
45.556
16.3424
32.4383
43.5785
15.5652
33.8176
49.5406
15.5693
34.8733
50.5181
14.5724
33.5411
49.8769
9.09318
32.5202
46.9521
19.7185
32.4915
45.5867
19.0279
31.6109
43.6082
16.5611
34.8375
52.5252
15.5631
37.0135
52.5447
8.97427
32.5099
51.0401
23.5652
32.4731
51.0872
23.5529
32.4188
44.6113
18.8385
32.4332
45.5836
15.559
34.86
51.5447
12.7856
36.993
51.5365
16.5549
32.513
51.0667
23.5672
32.5632
51.2039
23.5488
32.4536
41.4616
9.56826
32.4352
45.9686
18.5611
34.8406
52.5314
16.5683
36.1513
52.5304
16.5549
32.51
50.2106
22.5601
32.5468
47.6383
20.9814
32.4547
42.7332
14.5683
32.4332
48.9021
18.5724
37.0176
53.5386
16.5611
33.534
49.2486
21.557
32.512
47.4416
19.8769
32.4536
45.0772
21.0525
32.4321
45.5918
16.5672
33.8514
48.9584
18.5816
37.0033
50.6908
2.11878
32.5345
52.3348
22.8343
32.5284
48.3249
25.5631
32.4291
44.9492
21.0515
31.6396
44.558
16.5652
36.9951
49.7144
10.5642
34.8815
53.8323
17.7133
32.5407
50.3811
25.5549
32.4751
49.6196
25.5519
31.6488
42.7107
14.5724
32.4721
46.5447
8.05882
37.0002
52.5058
15.62
37.0196
52.5058
16.5478
32.5192
46.3617
25.5621
31.657
46.5307
25.5519
32.4936
41.6769
5.10854
32.469
44.9133
18.5672
34.8457
52.5427
16.5642
36.2138
52.5232
16.5672
32.5448
51.0646
22.5529
32.4946
48.8784
20.8211
32.4475
43.6605
14.5775
32.4485
48.8314
18.5744
36.1308
52.5324
16.557
37.0166
52.5171
16.5652
32.5468
51.0718
18.8312
32.4782
46.5979
21.1302
32.4874
44.6164
16.5652
33.8842
48.9041
18.5672
36.9777
51.576
6.10854
32.5796
47.3095
21.7682
32.5181
47.3341
25.5529
32.4792
43.9799
21.0433
32.4618
44.6113
16.5713
36.9961
51.5975
6.11776
34.8908
53.5529
13.7052
32.5181
48.9101
23.5549
32.4925
49.0586
23.556
32.4874
41.7179
14.5713
32.4547
46.558
8.99885
36.9725
51.5324
16.5744
37.0207
52.5099
16.5519
32.5478
51.0667
23.5539
31.6928
50.1087
23.557
32.4741
44.3042
4.00704
32.4106
46.5662
16.5683
36.9961
51.5191
16.5621
34.9071
52.513
16.5478
32.5212
48.9511
22.5468
32.5059
51.1404
17.8676
32.4987
42.3965
9.57133
32.4588
44.9389
18.5683
36.9889
53.5457
15.5642
34.9235
50.8888
9.08909
32.5018
47.3238
22.7072
32.468
47.329
23.8477
32.4516
44.7189
14.5652
32.4588
48.0563
17.5672
36.951
53.516
7.10854
33.5596
49.1667
20.6769
32.4915
46.4078
25.5539
32.4588
45.0352
21.0566
32.4649
45.6154
15.5631
34.7228
49.9328
11.005
37.0278
52.5324
16.5519
32.5499
47.2982
25.557
32.5304
47.3679
25.5416
31.6662
44.0014
21.0228
32.4291
45.6317
9.01933
34.8375
51.5017
16.5631
34.8488
51.4976
16.5468
32.5345
48.5039
26.5447
32.4977
50.6561
25.5468
32.5028
47.0413
10.1075
32.4352
47.5775
17.5693
36.9736
53.558
17.5652
34.9082
53.5078
17.557
32.5243
50.4097
26.5529
32.4946
51.6043
19.0275
32.4557
45.6442
15.5672
32.4577
47.5816
17.5662
36.1103
53.559
17.5734
37.0002
51.9625
18.5529
32.4731
51.5203
22.7713
32.553
50.634
25.5457
32.4413
43.6626
15.5662
32.4475
48.0193
20.5652
36.9705
53.8386
11.0332
36.99
52.8734
18.6605
32.5468
51.5203
26.558
32.5335
47.0372
22.0289
32.4434
47.6123
16.5662
34.7228
51.856
12.0193
34.8754
51.9226
18.618
32.51
49.3157
26.5539
32.5161
50.3402
26.5519
32.5048
46.07
22.0146
32.428
47.5898
11.9188
36.9797
53.5805
17.5662
37.0401
54.5263
17.5488
32.513
47.2788
26.5498
32.5325
48.5896
25.5631
32.511
47.6123
10.0337
32.4291
46.6184
17.5683
34.859
54.5396
17.5631
36.1277
53.5386
17.557
32.5048
48.331
25.5539
32.5079
49.5461
20.8769
32.4741
44.6943
15.5652
32.471
46.8662
19.5642
34.0101
51.8284
19.5693
37.0248
52.004
9.09011
32.5335
52.5019
22.7743
32.4567
51.6504
26.5529
32.5038
44.3236
12.5611
32.4762
47.9072
18.5672
34.8396
51.9226
11.0373
34.9327
53.8816
17.6687
32.5366
49.3136
26.5529
32.5356
46.9912
22.0576
32.4741
46.7562
16.5693
33.8248
49.8293
14.9645
34.8518
52.9062
19.5539
33.5718
52.3019
23.5488
32.5263
49.4355
26.5529
32.511
46.0792
24.1343
32.4321
47.5683
10.9635
34.6921
50.8447
19.5672
34.8979
51.9185
19.5519
31.6795
48.3269
26.5468
32.4782
49.4385
25.5703
32.4577
47.0884
10.1034
32.3953
47.5662
17.5734
36.9633
51.7956
19.5703
34.0511
51.9144
19.5662
32.5847
49.2931
26.5498
32.5059
49.4436
18.9958
32.4966
47.5928
19.8548
32.4547
46.5621
17.5601
33.9988
53.5775
17.5724
36.9961
52.6743
16.5601
32.5263
48.4017
22.7692
32.5069
49.4744
26.556
32.5038
43.7138
15.5662
32.4413
46.0501
18.5754
36.9818
51.8724
12.0214
37.035
52.8857
18.6016
32.5335
51.4773
26.5468
32.4475
48.5286
26.5427
32.426
44.2632
11.5683
32.4332
47.8682
16.8435
34.8355
53.8867
19.5662
34.8989
53.9697
19.5713
31.6344
48.4037
26.5498
32.4506
47.0782
21.0453
32.4864
47.6041
13.7876
32.4741
50.815
19.5611
34.8396
51.813
19.5539
32.6994
50.1933
23.557
32.5448
49.374
26.5498
32.4884
46.9574
24.0995
32.4239
47.6215
17.5703
34.86
51.8939
19.5631
36.1677
54.8067
21.5468
32.5171
51.5741
25.5437
32.4465
54.4475
22.945
32.5847
54.0957
28.7082
32.4721
53.647
33.5468
32.5079
54.4475
30.5539
31.5546
45.641
18.5683
32.5089
48.0162
21.5631
37.0196
54.8376
16.7836
37.0217
56.0383
20.5508
32.511
53.4783
27.558
32.468
52.5541
26.5478
32.4895
42.8599
10.6385
32.4434
53.2327
24.6272
34.8979
55.8415
22.5642
34.9194
54.8477
22.5508
31.6436
50.2828
29.5478
32.4669
49.012
26.964
32.4772
46.5898
18.5693
33.7981
51.8456
22.558
33.9988
53.8857
20.5549
33.536
53.3152
24.5621
32.5315
51.4631
18.1014
32.5212
48.9717
19.2411
32.4475
46.9287
20.5631
34.7464
53.8591
20.5683
34.8856
53.0071
19.5724
32.5274
51.2634
18.0881
32.555
51.3505
23.7733
32.513
48.985
23.0248
32.4516
46.9512
20.5713
34.8436
53.8365
19.5662
37.0084
53.9461
11.0881
32.5294
53.4917
24.7246
32.5315
53.5091
27.556
32.4639
46.6021
18.5652
32.4608
47.047
19.559
34.8078
53.7935
13.9563
34.8744
54.9205
20.5601
32.5489
51.3638
27.5508
32.4915
51.5481
27.5519
32.5089
45.7691
15.5744
32.4424
47.8661
18.7876
36.9971
54.9256
20.559
36.9971
55.9246
20.5549
31.7153
52.4015
27.559
32.5089
53.6698
25.557
32.4608
45.6984
12.7328
32.4864
50.8374
22.5775
37.0473
54.8314
20.559
36.2199
53.9604
21.5539
32.4905
53.5091
26.5478
32.468
48.9881
19.2319
32.4792
47.0065
20.5724
34.7187
52.8589
22.5887
36.9838
53.9938
19.5621
34.7689
53.2337
16.084
32.6144
53.6125
24.7348
32.5622
52.9012
32.5488
32.4833
53.6903
32.5529
32.4762
52.3278
29.5498
31.6293
46.5836
18.5662
32.4454
49.8518
14.9937
36.9623
54.856
20.5621
36.9992
55.8405
24.5488
32.5079
53.8796
32.5437
0.106496
32.511
44.2623
9.55494
32.4495
43.7148
17.6332
32.428
47.5668
7.10854
34.8436
54.8406
17.7246
34.9123
54.9523
20.5693
32.5366
51.331
27.5468
31.6375
50.5102
27.5519
32.4332
42.823
2.10342
32.4465
49.1784
24.6272
36.9879
55.9215
20.5724
37.0002
55.9174
20.5724
32.5212
52.6043
27.5529
32.511
52.7359
25.5549
32.4311
45.7414
16.5734
32.4301
51.8415
22.559
33.9681
53.8171
20.5683
37.0196
53.6723
17.5519
32.5407
49.3228
19.9968
32.5007
51.3167
24.8769
32.4096
47.5908
18.5683
32.939
51.82
22.5693
34.8887
53.9549
19.558
32.4884
51.3105
21.8789
32.4956
51.3464
27.5611
32.4557
49.0035
23.0494
32.4751
45.9052
20.5672
34.8396
52.9856
19.5703
36.9971
53.8939
17.7144
32.512
53.4374
27.5621
32.4946
51.4457
27.5519
31.6529
45.6913
16.5693
32.47
48.8682
14.0424
36.9705
55.8642
18.6718
34.8846
54.9246
20.5478
32.5601
53.7988
27.5478
33.5596
54.5638
31.5549
33.5452
53.4963
28.5519
32.5212
52.4399
19.0881
32.4874
49.8354
21.2534
32.4485
47.9932
20.5754
34.7044
52.8344
22.5683
36.1482
53.8427
20.5549
32.512
50.4186
16.0891
32.4956
53.4137
25.762
32.4567
48.8671
27.1322
32.4495
47.8867
20.5693
34.8365
52.8509
20.5611
37.0299
52.9774
10.0901
32.5417
51.249
26.7133
32.5018
50.3247
29.556
32.4618
47.6092
18.5642
32.4557
48.9697
19.5601
34.8436
53.8468
12.0639
37.0104
54.8376
19.6057
32.5059
51.6708
32.5529
