0.448111
0.546027
0.723841
0.733643
0.741055
0.749168
0.755746
0.759561
0.765215
0.769518
0.77375
0.776431
0.779834
0.777796
0.77589
0.774288
0.774407
0.773738
0.77171
0.772742
0.775737
0.778264
0.775143
0.775892
0.777043
0.784325
0.776409
0.787653
0.778384
0.787048
0.786519
0.787458
0.791386
0.788832
0.784321
0.789181
0.793071
0.790255
0.792026
0.789071
0.789286
0.792466
0.795021
0.794582
0.794174
0.79438
0.795564
0.79655
0.795709
0.795704
0.795656
0.795586
0.798003
0.799863
0.799159
0.797344
0.796112
0.795405
0.797986
0.797014
0.797824
0.79844
0.796396
0.801815
0.802863
0.795939
0.796479
0.798063
0.798554
0.798639
0.797966
0.804119
0.800544
0.797185
0.797594
0.798247
0.799228
0.79953
0.804865
0.79984
0.797621
0.796731
0.798548
0.79871
0.803972
0.803384
0.798761
0.798913
0.797613
0.797834
0.801475
0.804953
0.796395
0.797807
0.797161
0.797478
0.804613
0.803484
0.797615
0.798293
0.798825
0.798497
0.804493
0.803059
0.797372
0.798527
0.798112
0.797944
0.804301
0.801207
0.796478
0.797871
0.798274
0.7993
0.806881
0.798959
0.798071
0.799093
0.799288
0.801277
0.806298
0.799451
0.798501
0.798016
0.798147
0.801568
0.806468
0.79907
0.79751
0.799416
0.797787
0.801387
0.804129
0.796628
0.796629
0.798045
0.7985
0.806459
0.798466
0.798976
0.798723
0.799
0.801878
0.80526
0.796291
