0.337354
0.398882
0.546318
0.564097
0.580331
0.598275
0.613891
0.628498
0.643912
0.658301
0.672057
0.684024
0.696694
0.703504
0.71023
0.714771
0.721719
0.724641
0.733155
0.737744
0.741742
0.746475
0.75078
0.758646
0.757697
0.761075
0.769235
0.766914
0.775303
0.774916
0.780024
0.780105
0.775866
0.786688
0.787308
0.786178
0.783663
0.784362
0.78992
0.790954
0.791849
0.792128
0.793047
0.792165
0.792742
0.793803
0.793932
0.795705
0.795379
0.795072
0.794858
0.79633
0.795617
0.795983
0.796666
0.796201
0.79673
0.797505
0.802032
0.801486
0.797382
0.797317
0.79603
0.796878
0.797168
0.797446
0.801074
0.803525
0.798648
0.797854
0.796911
0.797092
0.798515
0.799219
0.804564
0.800483
0.798354
0.798978
0.797292
0.79815
0.801324
0.804574
0.798274
0.797336
0.798381
0.798415
0.799224
0.805603
0.801972
0.796605
0.796789
0.797999
0.797474
0.806087
0.800461
0.797525
0.798409
0.798186
0.800321
0.806435
0.799946
0.797349
0.797464
0.798766
0.800652
0.806954
0.799057
0.796936
0.797518
0.798381
0.801257
0.804646
0.79717
0.798371
0.797606
0.797721
0.804423
0.804449
0.798364
0.798818
0.798763
0.798447
0.804489
0.803961
0.797916
0.797619
0.798091
0.798986
0.804371
0.802792
0.797237
0.797934
0.796839
0.800836
0.805722
0.79723
0.797385
0.796353
0.798375
0.806502
0.803156
0.797794
0.798171
0.79842
0.798719
