0.23694
0.349669
0.545275
0.834805
0.852697
0.853846
0.842943
0.858865
0.840474
0.860173
0.839202
0.861405
0.839064
0.860479
0.840133
0.859794
0.839839
0.860877
0.838869
0.860605
0.83984
0.860668
0.838817
0.860992
0.838981
0.861606
0.838086
0.861397
0.839583
0.859691
0.840555
0.85972
0.840585
0.858857
0.841456
0.858734
0.840898
0.859199
0.840608
0.859713
0.839836
0.860328
0.83921
0.861394
0.838295
0.861293
0.839353
0.860065
0.840291
0.859464
0.840499
0.858867
0.84216
0.857247
0.843273
0.85669
0.843302
0.856429
0.843671
0.856275
0.843498
0.856328
0.843997
0.855598
0.845141
0.853908
0.846372
0.853647
0.84602
0.854258
0.845477
0.85446
0.845477
0.85389
0.846885
0.853315
0.846802
0.852964
0.847366
0.852579
0.847492
0.852689
0.846725
0.853008
0.847214
0.852604
0.84788
0.852004
0.847398
0.852786
0.847761
0.851241
0.849371
0.850555
0.849529
0.850519
0.849707
