0.455436
0.812337
0.86583
0.84696
0.843831
0.85999
0.839767
0.857053
0.84417
0.858744
0.841146
0.85979
0.839648
0.862245
0.834356
0.866984
0.830458
0.866905
0.841322
0.854028
0.84647
0.855456
0.843802
0.852837
0.850683
0.84858
0.849084
0.852894
0.845638
0.855771
0.845873
0.854358
0.845014
0.854605
0.847012
0.851271
0.850251
0.847864
0.85418
0.845163
0.854438
0.846585
0.851031
0.849586
0.850483
0.848456
0.852379
0.848457
0.850049
0.848029
0.854701
0.845315
0.854622
0.845199
0.854979
0.845203
0.853676
0.847311
0.853304
0.847171
0.850125
0.849338
0.852083
0.848108
0.85331
0.845416
0.853487
0.848631
0.849232
0.848641
0.854971
0.842971
0.858949
0.839266
0.858404
0.845098
0.854392
0.846156
0.853245
0.846987
0.853805
0.844772
0.857237
0.842227
0.857605
0.839966
0.861478
0.840683
0.85842
0.840913
0.85332
0.850395
0.84908
0.849911
0.854005
0.843853
0.85641
0.844029
