0.3
0.208041
0.132991
0.0872827
0.0850035
0.0854081
0.085985
0.0849265
0.0862562
0.0848273
0.0863533
0.0847336
0.0864444
0.084804
0.0863759
0.0848959
0.086365
0.0848409
0.0864725
0.0848028
0.0863935
0.0848695
0.0864696
0.0847922
0.0864411
0.0847882
0.086529
0.084742
0.0864515
0.0848889
0.0863426
0.0849258
0.0863838
0.0849716
0.0863001
0.0850185
0.0863286
0.0849633
0.0863432
0.0849344
0.0863913
0.0848666
0.0864157
0.0847972
0.0865062
0.0847504
0.0864444
0.0848473
0.0863571
0.0849008
0.0863203
0.0848951
0.0862252
0.0850492
0.0861362
0.0851271
0.0861306
0.0851259
0.0860903
0.0851409
0.0860822
0.0851069
0.0860562
0.0851558
0.0859954
0.0852665
0.0858527
0.0853085
0.0858555
0.0852585
0.0858972
0.0852187
0.0858877
0.0852093
0.0857928
0.0853256
0.0858228
0.0853431
0.0857877
0.0853926
0.0857794
0.0854032
0.0858066
0.0853154
0.0857665
0.0853486
0.0857393
0.0854213
0.0857219
0.0853315
0.0857494
0.0854136
0.0855997
0.0855053
0.0855886
0.0855179
0.0855958
