0.25
0.121716
0.169607
0.122356
0.16843
0.122831
0.167942
0.122967
0.166787
0.123557
0.166432
0.123859
0.16666
0.124044
0.166483
0.124208
0.165927
0.121689
0.170458
0.122167
0.168674
0.122684
0.168537
0.122654
0.168103
0.123082
0.167197
0.123103
0.167081
0.123626
0.165744
0.124666
0.16587
0.124261
0.166014
0.124497
0.165254
0.124575
0.165019
0.124794
0.164899
0.124077
0.166076
0.123592
0.166524
0.122221
0.164789
0.125007
0.163847
0.125105
0.163898
0.125007
0.159517
0.127205
0.161034
0.126971
0.161241
0.127071
0.160991
0.126948
0.160949
0.126405
0.161476
0.126412
0.161901
0.125947
0.162312
0.125243
0.163349
0.122243
0.168174
0.123318
0.167154
0.123066
0.167033
0.123132
0.166998
0.123406
0.166369
0.123589
0.166095
0.123977
0.161654
0.126526
0.161608
0.126198
0.161902
0.125709
0.162583
0.125276
0.159632
0.127518
0.159414
0.127403
0.159917
0.127182
0.160382
0.11983
