4.04755
3.31043
17.9473
24.2025
29.3984
32.4403
34.7489
36.1751
37.327
38.5988
39.271
40.0593
40.77
41.0489
41.6479
42.018
42.4058
42.6135
42.8306
43.1946
43.4566
43.6947
43.9277
43.9497
44.1985
44.3308
44.4899
44.5648
44.6369
44.8208
44.8553
44.9749
45.0983
45.0855
45.2299
45.2959
45.3864
45.4182
45.4485
45.5436
45.9284
46.6212
46.3873
47.3713
47.6127
47.0834
47.1066
47.0544
47.4125
47.7005
47.5415
47.6004
47.4761
47.6739
47.8487
47.7284
47.7982
47.7046
47.7528
47.8811
47.8201
47.8433
47.7627
47.794
47.8934
47.9854
47.9954
47.9242
47.9354
48.0135
48.0868
48.095
48.0508
48.0615
48.1253
48.1863
48.2052
48.1508
48.153
48.1554
48.207
48.2082
48.211
48.2137
48.164
48.21
48.2547
48.2206
48.2282
48.1969
48.2379
48.2773
48.2346
48.2473
48.2077
48.2447
48.2806
48.2411
48.2413
48.2415
48.2416
48.2746
48.2384
48.2441
48.2202
48.2218
48.2528
48.2202
48.5162
47.5792
48.474
48.9251
48.789
48.6976
48.9179
49.0896
48.9976
48.6983
48.5552
48.7026
48.5466
48.4315
48.316
48.4387
48.3362
48.2378
48.2821
48.3106
48.2323
48.2382
48.0807
48.1739
48.1923
48.0649
48.0728
48.1515
48.1234
48.1302
48.1563
48.1945
48.2456
48.1897
48.1672
48.2142
48.271
48.2704
48.2106
48.263
48.2954
48.218
48.2196
48.2103
48.2357
48.2363
48.1829
48.1801
48.2238
48.1895
48.1691
48.14
48.1779
48.1687
48.1411
48.1447
48.1585
48.1202
48.1224
47.9375
47.9765
48.0136
47.956
47.9606
47.9957
48.0063
48.0205
48.0011
48.0133
48.0469
48.0309
48.0251
48.0367
50.2712
48.6157
47.7408
47.8733
48.0637
48.4321
48.4047
47.9325
47.9978
48.2317
48.0852
48.1097
47.9703
48.1381
48.2838
48.3222
48.3591
48.2307
48.3384
48.3354
48.2238
48.2255
48.226
48.3107
48.3075
48.2184
48.2202
48.2937
48.3629
48.3608
48.3072
48.3262
48.3868
48.3362
48.337
48.2717
48.326
48.3775
48.3162
48.3152
48.2589
48.3068
48.3053
48.2527
48.2526
48.2958
48.3384
48.3434
48.3093
48.3224
48.361
48.3234
48.3219
48.2786
48.3141
48.3491
48.3077
48.307
48.2676
48.3011
48.3008
48.2998
48.2994
48.2992
48.3304
48.3395
48.3143
48.3144
48.3429
48.3708
48.2673
47.1316
47.5058
48.2018
47.7574
47.8415
47.9001
48.1996
48.2051
47.9837
48.0202
48.0832
48.2562
48.3085
48.0978
48.1459
48.2715
48.0641
48.0815
47.9851
48.0173
48.037
47.9548
47.9023
47.9991
48.0871
48.0419
47.986
47.9995
48.0223
47.9729
48.0043
47.9137
47.9836
48.0492
47.9492
47.967
47.9803
47.9979
48.0146
47.9686
47.94
47.9956
47.9652
47.9389
47.907
47.9571
47.974
47.9436
47.9637
47.897
47.9439
47.9625
47.897
47.9036
47.9464
47.9195
47.9333
47.9028
47.8934
47.9332
47.9115
47.8928
47.9085
47.9457
47.9377
47.919
47.9248
47.9384
47.9717
47.978
47.9278
48.2642
49.2752
47.6739
47.8696
47.6259
47.8431
48.1932
47.9282
47.8262
47.9663
48.1808
48.2438
48.0824
48.0935
48.2385
48.0963
48.0941
47.9763
48.0974
48.1071
48.0119
48.0522
48.1481
48.2367
48.2366
48.1602
48.1829
48.2594
48.2049
48.2152
48.1435
48.2101
48.2109
48.1454
48.1483
48.2074
48.2632
48.2632
48.2678
48.2826
48.3313
48.2753
48.2749
48.2308
48.2774
48.2923
48.2581
48.2605
48.3014
48.2551
48.2551
48.2117
48.2506
48.2885
48.2464
48.247
48.2586
48.2934
48.2939
48.2556
48.2596
48.2929
48.2675
48.278
48.2455
48.2764
48.2766
48.243
48.2431
48.2718
48.3
48.2992
45.9837
47.1231
48.1769
47.632
47.7778
47.5888
47.9778
48.2716
48.0933
48.1169
47.9215
48.0209
48.0639
47.9413
47.9045
47.9728
48.0778
48.035
47.9278
47.914
47.9979
48.1033
48.1099
48.0287
48.0667
48.117
48.0476
48.0699
47.9645
47.9756
48.0499
48.0236
48.0404
47.9852
48.0118
48.0754
48.0293
47.9972
48.0206
48.0783
48.062
48.028
48.0411
48.0273
48.0773
48.0859
48.0125
48.0296
48.0738
48.096
48.1058
48.0649
48.0597
48.101
48.0919
48.0824
48.0605
48.064
48.0907
48.0672
48.0599
48.0229
48.0582
48.0769
48.0409
48.0463
48.0001
48.0317
48.065
48.0276
48.5785
47.34
47.8434
48.0979
47.8257
47.7447
48.1125
47.9301
47.8133
47.6658
47.9022
48.101
47.9379
47.9608
47.8492
48.0008
48.0222
47.9463
47.9753
48.0911
47.9933
48.0368
47.9562
48.0533
48.1423
48.0597
48.0673
48.0745
48.1504
48.1539
48.0848
48.1106
48.1761
48.1162
48.1226
48.083
48.1422
48.1494
48.0937
48.1032
48.1574
48.2078
48.2127
48.1621
48.1639
48.2099
48.1628
48.1647
48.1203
48.1634
48.1651
48.1247
48.1404
48.18
48.2184
48.2191
48.1826
48.1933
48.2291
48.0865
48.0899
48.0542
48.0895
48.0917
48.0596
48.0627
48.0958
48.0653
48.0709
48.0507
48.0822
48.1129
48.2601
48.3073
48.5066
48.9598
48.928
48.4426
48.417
48.6487
48.3542
48.3441
48.1328
48.1978
48.3617
48.2362
48.1616
48.0696
48.1997
48.1275
48.0394
48.0834
48.1152
48.0438
48.0582
47.9048
48.0019
48.0901
47.9666
47.9772
47.9085
47.9457
47.968
47.9163
47.9116
47.9825
47.9814
47.965
47.9309
47.9876
48.0209
47.9817
47.9814
47.9197
47.9754
47.9852
47.919
47.9414
47.9816
48.0121
48.0257
47.99
47.9948
48.0387
47.9915
47.9904
47.9658
47.9933
47.9887
47.9613
47.952
47.9847
48.0224
48.0138
47.9859
48.0024
48.0203
47.9893
48.0037
47.9608
47.9938
48.0271
47.9923
48.0029
48.2756
48.6353
48.5669
47.9621
47.7472
48.1723
47.8704
47.8247
47.6948
47.954
48.0283
47.9099
47.993
47.8589
48.0209
48.0305
47.9137
47.9397
48.0632
47.9543
47.9683
47.879
47.9835
48.0802
48.0971
48.1286
48.1396
48.217
48.2339
48.1701
48.1883
48.2537
48.1867
48.2
48.1388
48.1983
48.2011
48.1426
48.1457
48.1982
48.2496
48.2584
48.2208
48.2237
48.2704
48.2348
48.238
48.1911
48.232
48.2332
48.2462
48.2502
48.2885
48.3257
48.3241
48.2822
48.3167
48.3506
48.3128
48.3237
48.3237
48.356
48.3654
48.3317
48.3306
48.3601
48.3259
48.3275
48.2937
48.3221
48.3487
48.316
48.249
47.116
48.1512
48.2429
47.9303
48.0076
48.3386
48.586
48.6076
48.346
48.3643
48.5169
48.3274
48.2428
48.1264
48.2596
48.294
48.1844
48.2055
48.0324
48.1419
48.2394
47.9669
48.0138
47.9659
48.003
48.0292
47.96
47.9353
48.0141
48.0736
48.0507
48.0093
48.0036
48.051
48.1132
48.1034
48.046
48.072
48.1046
48.0602
48.0813
48.0123
48.0625
48.1119
48.0397
48.0591
48.0644
48.0801
48.1251
48.0965
48.0701
48.042
48.0837
48.062
48.0329
48.0477
48.0677
48.1054
48.1052
48.0542
48.0686
48.0969
48.1192
48.1212
48.0815
48.0859
48.1187
48.0852
48.0834
46.1211
47.6478
48.4833
48.0404
47.992
48.1399
48.4453
48.294
48.0675
48.1104
48.1915
48.3686
48.3912
48.1484
48.2026
48.3353
48.3646
48.3572
48.2307
48.3338
48.3311
48.2473
48.2735
48.357
48.2696
48.2687
48.1845
48.2601
48.33
48.2501
48.2564
48.271
48.3333
48.3513
48.2875
48.2865
48.3404
48.278
48.2824
48.2415
48.2886
48.3361
48.2812
48.2837
48.2368
48.2809
48.2798
48.2817
48.2958
48.3363
48.3038
48.3057
48.2621
48.2996
48.3358
48.293
48.304
48.3042
48.3376
48.3364
48.2981
48.2971
48.3285
48.3276
48.3315
48.3065
48.3365
48.3444
48.3129
48.3122
48.3392
48.3651
48.2641
48.376
48.5504
48.9857
48.4309
48.4025
48.0606
48.332
48.5498
48.3194
48.3747
48.1885
48.3521
48.3775
48.3771
48.379
48.4345
48.5253
48.5464
48.3726
48.3901
48.476
48.4916
48.4849
48.3884
48.3288
48.4026
48.3384
48.2878
48.2464
48.2479
48.2716
48.2136
48.2196
48.1468
48.2061
48.251
48.1671
48.1875
48.1229
48.1613
48.1691
48.1054
48.116
48.1357
48.1618
48.1655
48.1367
48.1199
48.1621
48.2038
48.1829
48.1541
48.1651
48.1762
48.1485
48.155
48.0894
48.1032
48.1393
48.0825
48.0965
48.0642
48.0839
48.1183
48.0928
48.087
48.0635
48.0871
48.0787
46.6462
47.2785
48.0917
48.6404
48.4369
48.3521
48.3639
48.5
48.2067
48.2829
48.0404
48.2036
48.3673
48.1772
48.2028
48.331
48.3808
48.3723
48.4078
48.4053
48.494
48.3851
48.3801
48.2776
48.3577
48.356
48.2717
48.2963
48.3627
48.428
48.4444
48.3702
48.3663
48.423
48.3541
48.3693
48.3082
48.3604
48.3577
48.2996
48.3019
48.3472
48.3924
48.3925
48.3537
48.3955
48.4364
48.3983
48.3972
48.3492
48.3859
48.3925
48.3587
48.3596
48.3946
48.3922
48.3898
48.3484
48.3812
48.4117
48.3749
48.3843
48.3933
48.4215
48.4203
48.4177
48.4197
48.4476
48.4551
48.4619
48.4275
48.4533
48.1976
47.0832
42.7248
44.6133
45.744
46.162
46.151
46.4959
46.9202
46.8869
47.0073
46.9494
47.0864
47.3116
47.2705
47.349
47.2698
47.4331
47.4782
47.4037
47.3915
47.3598
47.4793
47.4687
47.4432
47.4845
47.5572
47.6546
47.6597
47.5983
47.6534
47.7126
47.7326
47.7551
47.6804
47.695
47.7648
47.7526
47.7781
47.7373
47.7667
47.8284
47.8055
47.788
47.7627
47.8174
47.7979
47.7778
47.8023
47.7988
47.8475
47.857
47.798
47.8182
47.858
47.885
47.8989
47.8633
47.8665
47.9074
47.9146
47.9154
47.8953
47.8956
47.9277
47.9089
47.9092
47.8882
47.9229
47.9384
46.0244
47.1982
47.1111
47.9163
48.1201
47.5917
47.784
48.0955
47.7298
47.8241
47.9288
48.0255
48.0803
47.9863
47.971
48.1175
48.0242
47.9707
47.8802
48.0006
47.959
47.8851
47.932
48.0297
47.9503
47.958
47.8929
47.9753
47.9904
47.9353
47.9639
48.0364
47.9798
48.006
47.9492
48.0147
48.0738
48.0231
48.0354
48.0905
48.1443
48.15
48.0994
48.1489
48.1966
48.1469
48.1596
48.2039
48.2447
48.2477
48.2615
48.3005
48.338
48.2947
48.298
48.3342
48.3684
48.3686
48.3281
48.3586
48.3903
48.3882
48.3874
48.3952
48.4242
48.4233
48.3882
48.3872
48.4123
48.3793
48.3822
48.3896
48.416
48.8753
47.5217
47.764
48.3898
47.8934
47.9553
48.0349
48.3212
48.5442
48.5781
48.5548
48.3412
48.4911
48.4782
48.3161
48.334
48.3681
48.4695
48.4621
48.3397
48.3351
48.4198
48.5014
48.4873
48.3858
48.418
48.4647
48.3526
48.3713
48.2684
48.3231
48.3856
48.3051
48.3205
48.2734
48.294
48.2959
47.5378
47.5301
47.564
47.6301
47.6099
47.6325
47.6521
47.6848
47.7413
47.752
47.6971
47.7258
47.7724
47.7347
47.7579
47.7159
47.729
47.7762
47.7427
47.7515
47.7242
47.7489
47.7903
47.7674
47.7531
47.7322
47.7727
47.7671
47.7507
47.76
47.7761
47.8131
47.8291
45.0698
47.0745
48.1479
47.3843
47.6348
47.3618
47.6116
47.7481
47.5614
47.5279
47.7816
47.7876
47.7416
47.6809
47.8428
47.929
47.8567
47.8968
47.9716
48.0903
48.1221
48.0965
48.1315
48.2104
48.0798
48.1021
48.1075
48.1853
48.1877
48.1172
48.1445
48.2114
48.148
48.1539
48.1752
48.2338
48.2374
48.1783
48.1924
48.2457
48.2055
48.2119
48.1606
48.2085
48.2094
48.1611
48.1633
48.2076
48.1624
48.1662
48.1374
48.1785
48.1823
48.152
48.1597
48.1984
48.1693
48.1766
48.1515
48.187
48.1893
48.1537
48.1552
48.1884
48.1544
48.1561
48.1617
48.193
48.1951
48.1653
48.1745
48.2043
48.1832
48.6097
47.6517
48.5294
48.4812
47.9832
48.028
48.0609
48.3399
48.3325
48.3341
48.3888
48.5456
48.6783
48.6465
48.4844
48.5113
48.618
48.5083
48.5306
48.4103
48.5
48.5808
48.4671
48.4585
48.3592
48.4346
48.4149
48.3382
48.3402
48.3694
48.4214
48.4385
48.3571
48.3689
48.4247
48.3855
48.3883
48.3328
48.2975
48.3441
48.3547
48.3257
48.2849
48.3297
48.3427
48.2931
48.2963
48.2246
48.2668
48.3081
48.2513
48.2677
48.2389
48.2504
48.2636
48.2314
48.2065
48.243
48.2776
48.2531
48.2179
48.2291
48.2359
48.2682
48.2703
48.2145
48.2305
48.2613
48.2161
48.2263
46.6979
47.6799
48.5542
48.0191
47.7562
47.461
47.8655
47.72
47.5688
47.6595
47.7506
47.9649
48.0389
47.8082
47.8816
48.0342
47.8742
47.9453
47.8838
47.9356
47.9653
47.9072
47.8649
47.9671
48.0592
48.0163
47.9518
47.9711
48.051
47.9833
48.0029
47.9605
48.0306
48.0426
48.0041
48.0259
48.088
48.1085
48.1158
48.0631
48.1175
48.1689
48.1187
48.1218
48.125
48.172
48.1738
48.1348
48.1438
48.1874
48.1571
48.1707
48.1359
48.1762
48.1875
48.1507
48.1522
48.1894
48.2249
48.228
48.1916
48.1912
48.2246
48.1898
48.1955
48.1728
48.205
48.2156
48.1865
48.1906
48.2199
48.1912
48.3768
47.5336
48.443
48.9021
48.3195
48.3076
47.977
48.2671
48.2665
48.0633
48.1448
48.3263
48.1976
48.21
48.1092
48.2451
48.3647
48.2334
48.2347
48.3353
48.429
48.4206
48.3159
48.3134
48.3921
48.3003
48.3058
48.2482
48.2838
48.2925
48.2509
48.2389
48.2948
48.3534
48.3249
48.2557
48.2575
48.2812
48.2154
48.2321
48.1543
48.1993
48.248
48.1795
48.1929
48.2113
48.2308
48.2413
48.2099
48.1998
48.2381
48.2068
48.185
48.1484
48.1873
48.202
48.1666
48.1711
48.1524
48.1858
48.1983
48.1558
48.1641
48.1973
48.1476
48.1612
48.1404
48.1531
48.1831
48.1581
48.1425
48.116
50.3085
48.8506
47.9459
48.0582
48.2304
48.5852
48.6623
48.2667
48.3437
48.5368
48.2019
48.26
48.0894
48.1439
48.1752
48.08
48.0244
48.152
48.2645
48.2073
48.1219
48.1337
48.165
48.0997
48.1363
48.0248
48.1098
48.1376
48.068
48.0742
48.1455
48.2127
48.2144
48.1523
48.1754
48.234
48.175
48.1775
48.1216
48.1762
48.1884
48.2065
48.2229
48.2704
48.2336
48.2369
48.1891
48.2327
48.2748
48.2292
48.2433
48.245
48.2837
48.2826
48.2419
48.2436
48.2801
48.2501
48.2558
48.2294
48.2636
48.2715
48.2453
48.2463
48.2778
48.3081
48.307
48.31
48.3195
48.3476
48.3167
48.3157
45.995
48.1419
48.2014
47.7116
47.9473
48.3401
48.6233
48.6635
48.377
48.3642
48.5389
48.3313
48.342
48.2227
48.3583
48.4789
48.3313
48.3269
48.2041
48.31
48.3282
48.2293
48.2596
48.289
48.3704
48.3919
48.3109
48.3047
48.333
48.4003
48.4129
48.3096
48.3113
48.3594
48.2599
48.2714
48.2048
48.2378
48.2912
48.2366
48.2395
48.2103
48.2426
48.2763
48.2405
48.2292
48.1862
48.2298
48.2147
48.1642
48.1682
48.1858
48.2231
48.2356
48.1874
48.1998
48.2362
48.2499
48.2619
48.2359
48.2136
48.2478
48.2219
48.1993
48.1709
48.2025
48.2094
48.1773
48.1804
48.1317
50.3671
50.3466
48.6001
48.6882
49.016
49.005
48.9922
48.6423
48.4697
48.6522
48.4227
48.3057
48.1878
48.3368
48.382
48.2317
48.236
48.1999
48.3117
48.344
48.1958
48.2307
48.3208
47.6691
47.7199
47.6626
47.7131
47.8048
47.7476
47.7643
47.7073
47.7878
47.8015
47.7485
47.7639
47.835
47.8039
47.8245
47.7943
47.8576
47.9178
47.8883
47.8983
47.9514
48.0032
48.0085
47.9656
47.9713
48.0185
47.9778
47.9832
47.9482
47.993
48.0096
47.9854
47.9923
48.0331
48.0727
48.0868
48.0627
48.0974
48.1325
48.0984
48.1011
48.0688
48.1022
48.1047
48.0737
48.0809
48.113
48.0913
48.1026
48.5434
49.4338
49.7324
48.9715
48.8536
48.7518
48.9724
48.8803
48.5595
48.53
48.6896
48.4647
48.4577
48.4585
48.5821
48.5899
48.4783
48.505
48.5984
48.6844
48.6967
48.5801
48.5659
48.6377
48.5315
48.5213
48.4271
48.4931
48.4862
48.3543
48.3651
48.4262
48.4341
48.4486
48.397
48.3635
48.4168
48.3736
48.3321
48.2896
48.338
48.3022
48.2479
48.2482
48.2599
48.3041
48.3056
48.2254
48.2407
48.2824
48.2193
48.2371
48.2089
48.221
48.2591
48.2307
48.2059
48.2419
48.2761
48.2512
48.2509
48.251
48.2605
48.2291
48.2307
48.1809
48.2129
48.2439
48.1995
48.2095
48.2195
48.2296
48.8783
47.5258
47.4756
48.1844
47.8659
47.6962
47.5233
47.8666
47.9943
47.8155
47.8546
47.6326
47.8408
47.9244
47.7535
47.8489
47.9893
47.8384
47.8966
47.8093
47.8702
47.9814
47.9207
47.8937
47.8431
47.9303
47.8944
47.8251
47.8446
47.9274
47.9307
47.9518
47.9134
47.9832
48.0499
48.0113
48.0186
48.025
48.084
48.1051
48.0561
48.0634
48.1152
48.0667
48.0713
48.0244
48.0711
48.1182
48.0887
48.0979
48.1416
48.1829
48.1879
48.1473
48.1553
48.1925
48.1656
48.1692
48.1325
48.1684
48.1697
48.1331
48.1372
48.1713
48.2044
48.2155
48.1845
48.1899
48.2201
48.1893
48.1915
48.1701
50.2748
49.2971
48.1949
48.2514
48.6587
48.2079
48.2181
48.0235
48.2775
48.4775
48.2637
48.2716
48.3213
48.4617
48.4459
48.2993
48.3305
48.4382
48.315
48.3113
48.2018
48.2962
48.3828
48.2885
48.3132
48.3906
48.4606
48.4581
48.3754
48.3477
48.4059
48.352
48.3207
48.262
48.3195
48.2894
48.2356
48.2464
48.2622
48.3128
48.3123
48.2433
48.2599
48.3057
48.2258
48.2404
48.2128
48.2262
48.2685
48.2255
48.1958
48.1645
48.2044
48.1767
48.1452
48.1489
48.1581
48.1265
48.1402
48.0814
48.1178
48.1529
48.0933
48.1062
48.0848
48.0963
48.1063
48.0767
48.0616
48.0936
48.0925
48.0745
46.6488
47.4876
48.0008
47.6372
47.814
47.4039
47.8217
47.9478
47.5985
47.7414
47.9673
48.0676
48.0974
47.9443
47.9351
48.0834
47.9842
47.944
47.8789
47.982
47.952
47.8887
47.9107
47.9755
48.0696
48.0855
47.9947
48.0067
48.0854
48.016
48.0309
47.9875
48.0569
48.0665
48.0094
48.0346
48.0952
48.1504
48.1535
48.1049
48.1222
48.1746
48.1397
48.1444
48.0969
48.1444
48.1448
48.1013
48.1178
48.1611
48.1231
48.1253
48.0835
48.1235
48.1628
48.1251
48.1389
48.1489
48.1857
48.1981
48.1638
48.1651
48.1989
48.1633
48.1675
48.1444
48.1764
48.1786
48.1469
48.1504
48.1801
48.2098
48.8506
47.5923
48.0488
48.6075
48.0992
48.1269
47.8238
48.1228
48.1868
48.0373
48.0775
48.2615
48.4166
48.3989
48.238
48.2404
48.3629
48.2691
48.278
48.1637
48.2647
48.2653
48.1913
48.1971
48.2813
48.2074
48.2329
48.1558
48.229
48.2437
48.254
48.2744
48.1619
48.2259
48.2486
48.1463
48.158
48.215
48.1343
48.1513
48.1025
48.1188
48.1703
48.1377
48.1133
48.0811
48.1281
48.1007
48.0673
48.0726
48.092
48.1351
48.1503
48.0895
48.1054
48.1448
48.0934
48.1044
48.0709
48.0895
48.096
48.0694
48.0597
48.095
48.1247
48.1117
48.0904
48.0885
48.1059
48.0836
48.086
48.0517
50.3005
49.1833
47.9077
48.1758
48.5359
48.6902
48.7102
48.3176
48.2529
48.4565
48.2133
48.1728
48.0547
48.1708
48.2681
48.1594
48.138
48.124
48.2396
48.2363
48.1335
48.172
48.2321
48.1374
48.1584
48.0486
48.1176
48.1953
48.1223
48.135
48.1419
48.209
48.2103
48.1462
48.1657
48.2223
48.1672
48.1762
48.1369
48.1916
48.2083
48.1563
48.163
48.2106
48.2569
48.2582
48.224
48.2279
48.2684
48.2225
48.2269
48.1869
48.2267
48.2272
48.1887
48.2017
48.2389
48.2742
48.2757
48.2377
48.2705
48.3031
48.2668
48.2762
48.2437
48.2746
48.2745
48.2411
48.2412
48.2705
48.238
48.243
46.6981
48.5082
49.1116
48.5022
48.4934
48.4546
48.7156
48.6598
48.3634
48.3447
48.5217
48.3107
48.3132
48.1539
48.2957
48.421
48.2962
48.3301
48.435
48.5298
48.5495
48.4366
48.4285
48.506
48.4016
48.397
48.3084
48.379
48.3748
48.2518
48.2724
48.335
48.3613
48.3714
48.3184
48.3142
48.3691
48.3229
48.3052
48.2635
48.3022
48.2833
48.2392
48.2278
48.259
48.3031
48.2909
48.2387
48.2417
48.2639
48.2153
48.2345
48.1879
48.2211
48.2593
48.2146
48.2239
48.2589
48.2713
48.2751
48.2394
48.2176
48.2509
48.2224
48.204
48.1705
48.202
48.2105
48.1884
48.1993
48.1576
48.1878
49.0696
47.1363
47.7176
48.3588
47.6183
47.7644
47.5273
47.7349
48.0198
47.8257
47.7867
47.6513
47.8223
47.8263
47.7519
47.7939
47.8998
47.9072
47.9107
47.8199
47.9362
48.0043
47.8972
47.9464
47.8406
47.9257
47.9497
47.8462
47.8702
47.9518
48.0242
48.0357
48.0629
48.0731
48.1369
48.1464
48.1528
48.0961
48.1529
48.1704
48.135
48.1412
48.1908
48.1396
48.142
48.0934
48.1392
48.1842
48.1481
48.1642
48.1702
48.2109
48.21
48.1689
48.1743
48.2126
48.1847
48.192
48.2044
48.2389
48.2723
48.2751
48.2749
48.3058
48.336
48.3361
48.3108
48.311
48.3397
48.3063
48.3056
48.308
50.3163
49.6121
48.4782
48.5991
48.9355
49.1612
49.0321
48.9615
48.8967
49.0375
48.7908
48.8043
48.5963
48.7103
48.6804
48.5117
48.5382
48.635
48.5005
48.5026
48.4163
48.5007
48.578
48.4702
48.4551
48.36
48.4316
48.4286
48.3689
48.3669
48.4285
48.3171
48.335
48.2898
48.3087
48.3647
48.318
48.2871
48.3042
48.3537
48.3165
48.2684
48.2693
48.2826
48.2445
48.2619
48.1848
48.2292
48.2718
48.213
48.2267
48.1823
48.2016
48.2117
48.1809
48.1742
48.2111
48.1703
48.1596
48.1358
48.1623
48.1847
48.1594
48.1535
48.1237
48.157
48.1577
48.1299
48.142
48.1596
48.152
48.159
45.0604
46.8727
48.0137
47.2908
47.5539
47.4079
47.6357
47.7513
47.592
47.5288
47.7828
47.9939
47.9537
47.8617
47.9027
47.9568
47.8617
47.8905
47.849
47.9726
48.0199
47.8723
47.9172
48.0168
48.0602
48.0789
48.0007
47.9947
48.0758
48.025
48.025
47.9836
48.0535
48.0635
48.0038
48.0106
48.0722
48.1277
48.1332
48.1537
48.1605
48.2109
48.1593
48.1598
48.1192
48.167
48.1813
48.1504
48.1543
48.197
48.199
48.1999
48.1585
48.1972
48.2338
48.2012
48.2078
48.1808
48.2163
48.2188
48.1822
48.1859
48.2198
48.1952
48.2062
48.1749
48.2065
48.2371
48.2375
48.2378
48.2381
48.2667
48.2017
47.4236
47.9273
48.5176
48.0375
48.0664
47.7998
48.1051
48.1995
48.0472
48.0725
48.2559
48.4124
48.3896
48.2289
48.2297
48.3511
48.2208
48.2471
48.1672
48.2639
48.2721
48.169
48.1881
48.2737
48.3523
48.3714
48.2904
48.3573
48.4185
48.3399
48.3374
48.2667
48.3084
48.2867
48.2425
48.2398
48.2789
48.3312
48.3294
48.2766
48.3252
48.3517
48.3002
48.3032
48.2357
48.2725
48.2832
48.2687
48.2672
48.3066
48.3218
48.322
48.2918
48.2801
48.3153
48.287
48.2764
48.2497
48.284
48.2706
48.2808
48.2825
48.291
48.3218
48.3249
48.2673
48.2733
48.3024
48.2502
48.2604
48.2396
48.76
48.8567
48.1697
47.9145
48.4056
48.7194
48.4937
48.2592
48.2611
48.3374
48.1465
48.1579
47.9238
48.093
48.0977
47.9032
47.9949
48.1146
48.1762
48.2141
48.1048
48.1033
48.1995
48.1184
48.091
48.0392
48.103
48.1569
48.0817
48.0732
48.0869
48.1558
48.1435
48.086
48.1122
48.1713
48.1316
48.1529
48.1009
48.1536
48.1568
48.1059
48.1104
48.1589
48.204
48.205
48.1595
48.1761
48.219
48.1761
48.1811
48.1514
48.1921
48.2036
48.176
48.1808
48.2179
48.2521
48.2521
48.2132
48.214
48.2473
48.2113
48.2137
48.1893
48.221
48.222
48.1904
48.2016
48.2319
48.2104
48.2201
46.6309
48.4513
49.0596
48.8572
48.7392
48.6557
48.8872
48.7971
48.4928
48.5308
48.6896
48.4763
48.4665
48.3397
48.466
48.4919
48.3656
48.3995
48.4982
48.5882
48.5712
48.4538
48.4449
48.5182
48.4168
48.4196
48.3353
48.4021
48.3967
48.32
48.3362
48.3983
48.4555
48.4602
48.4084
48.46
48.4795
48.4158
48.4294
48.3402
48.3862
48.3931
48.3128
48.3181
48.362
48.3706
48.3756
48.3396
48.3144
48.3552
48.3278
48.3144
48.2825
48.3195
48.2918
48.259
48.2605
48.274
48.3087
48.3179
48.261
48.2631
48.2923
48.2398
48.2501
48.2227
48.2416
48.2539
48.2257
48.2258
48.2551
48.2737
47.598
46.8552
47.0654
47.7727
47.5556
47.5688
47.3548
47.7197
47.8919
47.7096
47.8314
47.9456
48.1218
48.1815
47.9702
48.0307
48.1629
47.974
48.0068
47.9159
47.9557
48.0642
48.0028
47.9484
47.8926
47.9847
47.9383
47.9742
48.0082
48.0426
47.9997
48.0262
47.9452
48.0147
48.0746
47.9853
48.0112
47.9581
48.0178
48.0232
48.0334
48.0405
48.0927
48.0451
48.0521
48.0214
48.0707
48.1176
48.0882
48.0985
48.141
48.1823
48.1837
48.1433
48.1455
48.1824
48.144
48.1465
48.1132
48.1492
48.1522
48.1286
48.134
48.168
48.1999
48.2114
48.1889
48.191
48.2213
48.1895
48.1905
48.16
50.2922
49.228
48.1811
48.2177
48.6315
48.5218
48.5777
48.3245
48.5383
48.7146
48.6982
48.7155
48.5158
48.6425
48.6115
48.448
48.4376
48.5406
48.4013
48.3989
48.3009
48.392
48.4758
48.4022
48.4242
48.4948
48.5611
48.547
48.5516
48.5468
48.6029
48.5211
48.5107
48.4466
48.498
48.5082
48.4422
48.4377
48.4764
48.5016
48.517
48.4658
48.4612
48.5034
48.4484
48.4392
48.4009
48.4223
48.4096
48.3747
48.3565
48.3881
48.424
48.4064
48.3623
48.3622
48.3756
48.3844
48.3961
48.3444
48.3769
48.4083
48.3598
48.368
48.3968
48.4024
48.4067
48.3734
48.3514
48.3795
48.3534
48.3309
46.4743
48.3815
48.6318
48.1498
48.2476
47.795
48.1524
48.1379
47.876
47.9849
47.9749
48.1267
48.1709
47.9627
47.9981
48.1419
48.1979
48.2154
48.1352
48.1038
48.2112
48.1502
48.1012
48.0429
48.0703
48.1006
48.045
48.0571
47.9625
48.0413
48.1027
48.0067
48.0246
47.9517
48.0005
48.0296
47.9795
47.997
48.0552
48.1091
48.1128
48.065
48.0819
48.1327
48.1491
48.1539
48.1226
48.1257
48.1679
48.1235
48.1265
48.0917
48.1318
48.1724
48.1436
48.1483
48.1502
48.1871
48.1888
48.1628
48.1757
48.2083
48.2413
48.2403
48.2059
48.2064
48.2376
48.205
48.2156
48.1845
50.3101
50.2937
49.6334
49.29
49.1285
49.3272
49.2631
48.9404
48.8826
49.0244
48.7469
48.7032
48.4951
48.6182
48.7325
48.5965
48.5852
48.6792
48.7634
48.7352
48.6044
48.6019
48.677
48.5943
48.6086
48.5172
48.5792
48.5671
48.4753
48.4682
48.5277
48.5825
48.5759
48.508
48.5208
48.5694
48.5024
48.4963
48.4494
48.4963
48.5071
48.4494
48.4245
48.4676
48.4232
48.3996
48.3623
48.3923
48.4155
48.3717
48.3594
48.3074
48.3455
48.3421
48.2982
48.3118
48.3304
48.3604
48.3697
48.3168
48.3261
48.3577
48.3043
48.3137
48.279
48.2886
48.2902
48.2587
48.2396
48.2697
48.2986
48.2876
46.6559
47.4568
47.988
47.6649
47.9276
47.4737
47.8772
47.9316
47.5977
47.7227
47.9217
48.0477
48.0647
47.8933
47.9245
48.0744
47.9603
47.9761
47.9087
47.9807
48.0779
48.0238
47.9907
48.0775
48.1659
48.133
48.077
48.088
48.1168
48.0491
48.0754
47.967
48.0394
48.1054
48.0037
48.029
48.0543
48.0778
48.0981
48.0491
48.0305
48.0849
48.0483
48.0608
48.0164
48.0662
48.1136
48.1195
48.1269
48.1696
48.2111
48.2108
48.1783
48.1902
48.229
48.2014
48.2049
48.1671
48.2016
48.204
48.1789
48.1815
48.2148
48.2471
48.2474
48.2178
48.2246
48.2538
48.2207
48.2242
48.2025
48.2308
48.9177
47.4499
47.7185
48.3618
48.3519
48.3453
48.1107
48.3801
48.5819
48.3234
48.3257
48.1508
48.3158
48.3103
48.1684
48.2144
48.3381
48.2401
48.247
48.1343
48.2367
48.3265
48.234
48.2637
48.3435
48.4187
48.4121
48.329
48.326
48.3915
48.312
48.3318
48.268
48.3286
48.3458
48.2848
48.2842
48.3345
48.3846
48.3827
48.34
48.3403
48.3857
48.3274
48.3044
48.2722
48.3077
48.2886
48.2545
48.2526
48.277
48.3161
48.3154
48.2603
48.2689
48.2932
48.2508
48.263
48.2175
48.2425
48.2485
48.2012
48.1987
48.2309
48.2494
48.2461
48.2248
48.2209
48.2464
48.2234
48.2139
48.1847
50.2763
49.6942
48.6683
48.7524
48.8165
49.0522
49.005
48.4805
48.4908
48.6691
48.3166
48.3563
48.2287
48.2662
48.4045
48.3029
48.2127
48.0889
48.2058
48.144
48.0729
48.113
48.1421
48.0776
48.0869
47.9492
48.0371
48.117
47.9947
48.0159
47.9689
48.0044
48.0293
47.9772
47.9558
48.0215
48.0756
48.0559
48.0247
48.0397
48.0722
48.0362
48.027
47.965
48.0174
48.0352
47.9969
48.0066
48.0539
48.0535
48.0631
48.0233
48.0635
48.1047
48.0661
48.0774
48.0921
48.1306
48.1426
48.1069
48.1093
48.1445
48.1105
48.1134
48.094
48.1264
48.1587
48.1309
48.1323
48.1623
48.1923
48.1931
46.1824
47.4936
48.4062
47.965
48.0456
47.6996
48.0685
48.1004
47.8795
47.9875
48.1992
48.3734
48.3874
48.2156
48.2165
48.3459
48.2079
48.2247
48.1424
48.2495
48.2533
48.1512
48.1562
48.245
48.233
48.2384
48.1811
48.258
48.3278
48.2509
48.2475
48.1769
48.241
48.2414
48.1796
48.2002
48.2563
48.1982
48.1991
48.2003
48.2513
48.3001
48.2537
48.2695
48.2847
48.3283
48.2999
48.2607
48.2659
48.2756
48.2366
48.2402
48.1788
48.2184
48.2559
48.1893
48.1962
48.1982
48.2109
48.223
48.1994
48.189
48.2229
48.199
48.1865
48.1976
48.2273
48.2416
48.2159
48.2151
48.1785
48.2077
48.1434
46.5337
47.3359
47.9853
47.4354
47.668
47.4602
47.7218
48.0058
47.7655
47.7803
47.6872
47.8273
47.8162
47.7406
47.7288
47.8553
47.989
47.9185
47.8478
47.9081
47.9738
47.8773
47.9203
47.8109
47.8979
47.9341
47.8306
47.8531
47.9356
47.9702
47.9899
47.9531
47.9217
47.9897
47.9351
47.9254
47.8933
47.9545
47.9297
47.8978
47.9237
47.9428
47.9962
48.0058
47.9255
47.9473
47.9961
48.0061
48.0113
47.972
48.0167
48.0601
48.0345
48.0412
48.0806
48.1194
48.1225
48.0986
48.1043
48.1399
48.1052
48.1106
48.0803
48.1142
48.1172
48.0854
48.0879
48.1203
48.1516
48.1621
48.1351
48.2565
49.2798
48.3009
48.4604
47.9813
48.3669
48.3534
48.1408
48.1562
48.3701
48.1548
48.1721
48.0582
48.2168
48.3552
48.2075
48.2308
48.252
48.3515
48.3782
48.3152
48.3346
48.4201
48.3189
48.3219
48.2321
48.3084
48.3091
48.2519
48.2756
48.3403
48.4012
48.396
48.3317
48.3453
48.4002
48.3537
48.3525
48.2919
48.3412
48.3393
48.2836
48.2832
48.3288
48.2779
48.2857
48.2532
48.295
48.306
48.2639
48.2701
48.2551
48.2944
48.3086
48.2421
48.2539
48.2893
48.228
48.2345
48.1989
48.2167
48.2506
48.2217
48.2198
48.1899
48.2138
48.2035
48.1808
48.1777
48.2009
48.2304
48.2221
46.334
47.3772
48.0074
48.0669
48.2135
47.6704
48.0425
48.1664
47.8694
47.9626
48.1734
48.2283
48.2759
48.1699
48.1214
48.2577
48.1444
48.07
47.9976
48.1115
48.065
47.9922
48.0026
48.0579
48.15
48.1723
48.1545
48.1642
48.2229
48.119
48.1442
48.083
48.1325
48.1954
48.1126
48.1142
48.1199
48.1496
48.1479
48.1139
48.0947
48.1469
48.1175
48.0972
48.0608
48.109
48.1245
48.0912
48.1096
48.1237
48.1663
48.1696
48.1283
48.1292
48.1688
48.1296
48.1439
48.1087
48.1442
48.1468
48.1495
48.1626
48.1959
48.2284
48.2283
48.2051
48.2086
48.2393
48.2068
48.2102
48.1812
48.2081
48.45
47.5259
47.8218
48.4371
48.8056
48.7135
48.3281
48.4071
48.5957
48.3499
48.3959
48.2005
48.3605
48.3538
48.1965
48.2156
48.3372
48.2122
48.2484
48.252
48.3469
48.4315
48.3213
48.3254
48.2605
48.3383
48.3415
48.2575
48.2507
48.3197
48.2633
48.2648
48.1907
48.2531
48.3123
48.2653
48.2676
48.2656
48.3178
48.3143
48.2627
48.2774
48.324
48.275
48.275
48.2256
48.2658
48.2665
48.2015
48.2145
48.2554
48.2703
48.2822
48.2525
48.2278
48.2651
48.2359
48.2129
48.1864
48.2214
48.2331
48.2046
48.2064
48.1957
48.2285
48.2352
48.1881
48.1989
48.2229
48.1833
48.1934
48.1635
49.793
50.0345
48.4354
48.3927
47.9225
48.1298
48.1623
47.9766
47.9017
48.145
48.0104
47.9309
47.8173
47.9917
48.0442
47.9592
48.0188
47.874
48.0007
48.0201
47.8636
47.9101
48.0062
47.8785
47.9128
47.8527
47.9148
47.9995
47.9152
47.9131
47.8595
47.909
47.914
47.8834
47.8759
47.9416
48.0059
47.9987
47.9599
47.9701
47.9914
47.9514
47.9734
47.8981
47.952
47.9734
47.9015
47.9166
47.9649
48.0114
48.0161
47.9787
47.9961
48.0368
48.0031
48.0069
47.9749
48.015
48.0277
48.0054
48.0109
48.0477
48.0141
48.0181
47.9971
48.0313
48.0636
48.0333
48.038
48.018
48.0499
48.0533
45.9916
47.1923
48.2245
47.6835
47.9312
47.6046
47.9892
48.2778
48.2759
48.3005
48.2986
48.4655
48.4438
48.3042
48.34
48.4611
48.3261
48.3216
48.1987
48.2948
48.307
48.2039
48.2339
48.3173
48.3963
48.3935
48.3283
48.3258
48.3877
48.3076
48.3124
48.2621
48.3207
48.3259
48.2544
48.2633
48.318
48.3698
48.3724
48.3303
48.3767
48.4203
48.3636
48.3604
48.3127
48.3558
48.3531
48.359
48.3402
48.3797
48.3731
48.3453
48.3134
48.3494
48.3631
48.3268
48.3357
48.2827
48.3166
48.3121
48.2589
48.2713
48.2964
48.3171
48.3235
48.2891
48.2893
48.3186
48.2748
48.2746
48.2448
48.2578
48.618
47.6505
47.5067
48.2086
48.6201
48.3125
48.027
48.1003
48.1837
48.0109
48.1
47.8716
48.0571
48.0791
47.8587
47.9234
48.049
48.1227
48.1613
48.0422
48.0436
48.146
48.0323
48.0348
47.9857
48.0418
48.1184
48.0751
48.0519
48.0805
48.1518
48.1225
48.0652
48.0746
48.0969
48.0522
48.072
47.9743
48.0336
48.09
48.004
48.0259
48.0434
48.068
48.0866
48.0546
48.0517
48.098
48.0527
48.0566
48.0159
48.0599
48.1028
48.0742
48.074
48.0756
48.1145
48.1144
48.0899
48.093
48.1295
48.1081
48.1143
48.0923
48.1247
48.1283
48.0977
48.1013
48.1331
48.1641
48.1674
48.1372
48.2558
49.1849
48.1206
48.1306
47.7836
48.1933
48.2967
48.0877
48.1197
48.3374
48.2938
48.2967
48.169
48.318
48.4436
48.2901
48.2834
48.1564
48.2691
48.2691
48.1606
48.1716
48.2651
48.1928
48.2
48.1389
48.2178
48.2921
48.2136
48.238
48.2426
48.2755
48.3084
48.2604
48.252
48.3083
48.243
48.2434
48.1877
48.2366
48.2543
48.2708
48.2744
48.3202
48.3641
48.3603
48.3239
48.336
48.3514
48.3123
48.311
48.2503
48.2889
48.2813
48.232
48.2451
48.2657
48.2987
48.3108
48.2563
48.2635
48.2963
48.2475
48.2587
48.2357
48.2499
48.2569
48.2229
48.2136
48.2429
48.2618
48.2548
46.7743
47.1472
48.178
47.7979
47.6847
47.4463
47.8514
47.7514
47.6416
47.7766
47.9074
48.105
48.1082
47.917
47.9485
48.0511
47.9059
47.962
47.8211
47.9419
48.0534
47.9121
47.941
47.9563
47.9994
48.0352
47.9893
47.9842
48.0647
48.0118
48.0041
47.949
47.9988
48.0545
48.0148
47.9975
47.9587
48.0199
47.9977
47.9588
47.9693
47.9924
47.9547
47.9771
47.9212
47.9736
48.0162
47.9706
47.9799
47.9849
48.0304
48.0329
47.9982
48.0162
48.0547
48.029
48.0294
47.9944
48.0318
48.0694
48.0354
48.0436
48.0581
48.0908
48.1032
48.1089
48.1113
48.1421
48.1113
48.1147
48.0947
48.1251
48.215
47.0994
47.4611
48.1564
48.532
48.4885
48.1623
48.2777
48.5055
48.3048
48.3054
48.1068
48.2733
48.2594
48.1233
48.1717
48.2856
48.3974
48.3792
48.2594
48.3453
48.4337
48.3259
48.3522
48.2863
48.357
48.3735
48.3723
48.3677
48.426
48.3493
48.3492
48.2977
48.3564
48.4065
48.3396
48.3332
48.2719
48.3189
48.3211
48.2728
48.2879
48.3344
48.2802
48.2797
48.2796
48.3229
48.3628
48.3284
48.3282
48.3419
48.3795
48.3784
48.3127
48.3247
48.3554
48.3065
48.3132
48.2674
48.2931
48.3263
48.281
48.2833
48.2901
48.303
48.3118
48.2796
48.261
48.2909
48.267
48.2502
48.2592
50.2871
49.7472
48.7289
48.5766
48.4192
48.7315
48.6175
48.2271
48.3196
48.4402
48.219
48.2214
47.9783
48.1399
48.283
48.0918
48.1418
48.0361
48.0841
48.1303
48.0672
48.0305
48.1297
48.0625
48.0339
47.9826
48.051
48.1043
48.0476
48.0366
47.9662
48.0387
48.0257
47.9649
47.9936
48.0248
48.0237
48.0474
47.9652
48.0238
48.0789
47.9965
48.0199
47.9796
48.0065
48.0213
47.984
47.9845
48.0319
48
48.0052
47.967
48.0113
48.0541
48.0699
48.0778
48.0414
48.08
48.0798
48.0466
48.0533
48.0895
48.0563
48.0582
48.0362
48.0676
48.1009
48.0674
48.0763
48.1085
48.1391
48.1408
48.1731
48.2166
48.8834
48.1577
48.1556
47.9137
48.2529
48.2726
48.0195
48.0269
48.2312
48.3878
48.3773
48.2225
48.3629
48.4848
48.375
48.3749
48.2405
48.3432
48.3307
48.2327
48.2549
48.3412
48.2716
48.2732
48.1937
48.2624
48.3322
48.2483
48.2481
48.2703
48.3314
48.3262
48.2627
48.2776
48.3271
48.2704
48.2843
48.2331
48.281
48.2803
48.2272
48.2389
48.2853
48.3246
48.3234
48.2751
48.2748
48.2996
48.2487
48.2646
48.2105
48.2481
48.2583
48.1621
48.1704
48.2068
48.2177
48.2225
48.1967
48.1841
48.2181
48.1941
48.1825
48.1586
48.1865
48.1736
48.1511
48.1493
48.1721
48.2016
47.6863
46.9924
47.6259
48.0358
47.6468
47.7763
47.3668
47.7404
47.9001
47.6642
47.7783
47.9864
48.0657
48.0959
47.9615
47.9353
48.0763
47.9835
47.9871
47.9239
48.0031
47.9868
47.8994
47.8787
47.9731
48.064
48.0591
48.0104
48.0211
48.0515
47.9894
48.0028
47.8963
47.968
47.9965
47.9248
47.951
48.0101
48.0469
48.0512
48.0463
48.0502
48.1032
48.0558
48.065
48.0351
48.0612
48.0636
48.0323
48.0328
48.0778
48.1169
48.1221
48.083
48.0979
48.1371
48.0988
48.1017
48.0629
48.1006
48.1112
48.0876
48.0926
48.127
48.16
48.1602
48.162
48.1902
48.2207
48.1863
48.1916
48.1631
50.2949
49.2795
48.1859
48.3803
48.7321
48.3825
48.3878
48.17
48.4051
48.5946
48.3594
48.3367
48.3314
48.4592
48.4442
48.2809
48.3004
48.4108
48.283
48.2928
48.1905
48.2874
48.3095
48.241
48.2399
48.3171
48.3902
48.3785
48.2965
48.3007
48.3646
48.2875
48.2908
48.3054
48.3618
48.4154
48.3498
48.3541
48.4005
48.4488
48.4557
48.4013
48.3936
48.4367
48.3823
48.3777
48.327
48.3628
48.3617
48.3075
48.311
48.3494
48.3699
48.3648
48.3343
48.3212
48.3564
48.3274
48.3042
48.2744
48.3075
48.2887
48.2588
48.2605
48.276
48.3067
48.3062
48.2694
48.279
48.2981
48.2578
48.2674
45.2854
47.7289
48.5818
47.701
47.9029
48.3057
48.3938
48.4364
48.1853
48.0862
48.2854
48.0813
48.0282
47.941
48.0687
48.172
48.0802
48.0546
48.0727
48.1853
48.1723
48.0959
48.1047
48.139
48.0604
48.0977
47.9694
48.0526
48.1293
48.0189
48.0451
48.0685
48.1136
48.1357
48.129
48.1281
48.1875
48.1269
48.1351
48.0985
48.1229
48.1753
48.133
48.1066
48.0739
48.1219
48.0997
48.0671
48.0759
48.1211
48.0917
48.0961
48.0621
48.1018
48.1418
48.1067
48.1134
48.1145
48.1519
48.1636
48.1281
48.1302
48.1618
48.1282
48.1315
48.1097
48.1408
48.1724
48.1424
48.1509
48.1806
48.2087
48.2532
47.0494
47.566
48.2568
47.9324
47.9956
47.6957
48.0202
48.0353
47.8749
47.9325
48.1319
48.2843
48.2902
48.1842
48.1989
48.3219
48.1826
48.1865
48.0939
48.2
48.2251
48.1336
48.139
48.2251
48.141
48.1417
48.0647
48.1366
48.2081
48.1356
48.1562
48.1123
48.1764
48.1811
48.1204
48.1306
48.1837
48.1435
48.1459
48.0928
48.1451
48.1951
48.1451
48.1459
48.1573
48.1996
48.2147
48.1638
48.1625
48.2049
48.1628
48.167
48.1409
48.1597
48.1983
48.1678
48.1472
48.1491
48.1846
48.1631
48.1339
48.1386
48.1571
48.1347
48.1433
48.1081
48.1402
48.1628
48.1252
48.1371
48.1291
50.1586
49.5303
48.0262
48.1764
48.598
47.9548
48.0289
47.7907
47.9417
48.1804
48.0405
48.0001
47.8969
48.0427
48.0198
47.9373
47.9263
48.0418
47.9657
47.9389
47.8666
47.9754
48.0205
47.9355
47.9504
47.8478
47.9395
47.9751
47.8898
47.9254
47.9959
47.9681
47.9902
47.9226
47.938
48.0033
47.9317
47.9492
47.9049
47.9367
47.9458
47.9082
47.8839
47.9393
47.9923
47.9837
47.9562
47.964
48.0115
47.9713
47.9771
47.9521
47.9927
47.9977
47.9582
47.9636
48.0043
48.0436
48.0473
48.0484
48.0858
48.1202
48.0918
48.102
48.0718
48.1043
48.1064
48.0759
48.0844
48.1164
48.093
48.0955
45.9981
48.139
48.7959
48.0973
48.1334
48.2391
48.5312
48.4889
48.2904
48.2952
48.4775
48.2629
48.2764
48.1549
48.2932
48.3197
48.1786
48.1829
48.2917
48.3911
48.377
48.2732
48.3011
48.3802
48.2905
48.3123
48.2293
48.2966
48.2952
48.2162
48.2285
48.293
48.3512
48.3483
48.2947
48.2966
48.3483
48.2864
48.2879
48.2483
48.298
48.3009
48.2466
48.2473
48.2925
48.2427
48.2449
48.2521
48.2798
48.3199
48.2636
48.2631
48.2345
48.2549
48.2512
48.223
48.2064
48.2428
48.2392
48.2189
48.1867
48.1889
48.201
48.1778
48.1914
48.1464
48.1783
48.1775
48.1333
48.1467
48.1709
48.1928
48.9939
47.2209
47.6186
48.2884
47.6551
47.858
47.6189
47.7837
47.8884
47.7698
47.6968
47.9131
48.0955
48.0261
47.9338
47.9486
48.0336
47.9576
47.9641
47.8547
47.9698
47.9587
47.8718
47.9193
47.9758
48.063
48.093
47.9833
48.0033
48.0794
47.9698
47.9918
47.9366
47.9663
48.0336
47.9957
47.9813
47.9949
48.0468
48.0324
48.0033
47.9991
48.0413
48.0071
47.9995
47.9593
48.0087
48.0535
48.0243
48.028
48.0396
48.0813
48.089
48.0505
48.0572
48.0971
48.0629
48.0666
48.075
48.1121
48.1479
48.1133
48.1159
48.1474
48.181
48.189
48.1582
48.1609
48.1921
48.1646
48.1704
48.15
50.197
49.259
48.9239
48.7548
49.0263
49.2349
49.0715
48.6973
48.727
48.8737
48.6224
48.6401
48.4414
48.5619
48.5541
48.4415
48.4695
48.5707
48.4285
48.4185
48.3031
48.3912
48.4656
48.363
48.3523
48.2773
48.3515
48.3547
48.2949
48.2922
48.3572
48.2875
48.3076
48.2579
48.3158
48.3707
48.3675
48.3647
48.4105
48.4574
48.4478
48.3895
48.3842
48.428
48.3744
48.3762
48.3405
48.3529
48.3936
48.3613
48.3463
48.3842
48.4201
48.3969
48.3534
48.347
48.3665
48.3316
48.3257
48.2808
48.3137
48.3317
48.2956
48.3062
48.29
48.3195
48.3287
48.2817
48.2909
48.32
48.2767
48.279
46.1543
47.6308
48.5217
47.8969
47.799
47.5886
47.9018
47.8547
47.9952
47.9701
48.1399
48.0159
48.0211
47.9066
48.0654
48.1244
48.0229
48.0772
47.8975
48.0179
48.0476
47.8888
47.9303
48.0285
47.898
47.9263
47.8726
47.9295
48.0112
47.9345
47.9484
47.8961
47.9427
47.9476
47.9126
47.8955
47.9587
48.0208
48.0095
47.9711
48.0264
48.0479
48.0061
48.0146
47.9553
48.0069
48.0247
47.9851
47.9905
48.0348
48.0792
48.0796
48.0402
48.0572
48.0977
48.0594
48.0628
48.0278
48.0668
48.0812
48.0496
48.0569
48.0916
48.0685
48.072
48.0403
48.0726
48.1052
48.0749
48.0789
48.0913
48.1206
48.424
47.1653
47.5343
48.2244
47.785
47.9678
47.6974
48.0212
48.255
48.0544
48.0725
48.2542
48.4037
48.3935
48.2487
48.2927
48.4103
48.2822
48.2808
48.2801
48.376
48.3766
48.3028
48.3035
48.3829
48.456
48.446
48.3587
48.3486
48.4135
48.333
48.3433
48.3604
48.4184
48.4305
48.3633
48.3603
48.4066
48.3974
48.3962
48.3551
48.4006
48.4443
48.3869
48.386
48.3357
48.3465
48.3521
48.3107
48.2967
48.3365
48.3044
48.289
48.2585
48.2881
48.309
48.277
48.2798
48.2408
48.2749
48.2653
48.2235
48.2264
48.2426
48.2741
48.2864
48.2044
48.215
48.2456
48.2049
48.2076
48.177
48.8552
48.8643
48.1754
47.9687
48.4346
48.7001
48.4893
48.1763
48.1379
48.2924
48.1651
48.1807
48.0349
48.196
48.165
48.0254
48.047
48.1101
48.2244
48.2673
48.1134
48.1202
48.2145
48.0619
48.0821
48.0037
48.0394
48.1222
48.0771
48.0673
48.1395
48.1956
48.1688
48.1047
48.1061
48.1487
48.1084
48.0963
48.0403
48.0965
48.1247
48.0744
48.0926
48.0705
48.1206
48.1381
48.0954
48.1091
48.1517
48.111
48.1103
48.0708
48.1133
48.1537
48.117
48.1175
48.1547
48.1883
48.1897
48.1501
48.1584
48.1934
48.1694
48.1744
48.1397
48.1722
48.1729
48.1403
48.1439
48.1749
48.2037
48.2077
45.9745
47.1127
48.175
47.6021
47.7762
47.5901
47.9747
48.0269
47.8017
47.8293
48.0536
48.2408
48.2348
48.1013
48.1493
48.2848
48.1733
48.1683
48.0522
48.164
48.1683
48.0773
48.1093
48.198
48.1352
48.136
48.0567
48.1335
48.2081
48.1351
48.1597
48.1796
48.2392
48.2582
48.1981
48.1995
48.2533
48.1935
48.1906
48.1417
48.1951
48.243
48.1942
48.1938
48.2394
48.2652
48.2612
48.2313
48.2132
48.2521
48.2198
48.1988
48.1638
48.2031
48.2147
48.1766
48.183
48.1714
48.208
48.2177
48.1574
48.1593
48.1933
48.1398
48.1517
48.1275
48.1479
48.1792
48.1228
48.1214
48.1004
48.1221
47.66
46.8334
47.0292
47.7702
47.5472
47.5218
47.3278
47.6952
47.8515
47.6904
47.8345
47.6257
47.8331
47.9141
47.7329
47.8062
47.9516
47.7668
47.8004
47.7093
47.6898
47.8074
47.7303
47.7087
47.7311
47.8167
47.8111
47.7828
47.7896
47.8543
47.934
47.941
47.8911
47.925
47.9656
47.9068
47.9163
47.8316
47.8954
47.9139
47.8351
47.8505
47.9062
47.926
47.9487
47.922
47.9311
47.9808
47.9534
47.9724
47.9358
47.981
47.9872
47.95
47.9555
47.9971
48.0372
48.041
48.0064
48.0105
48.0482
48.0227
48.0279
48.0015
48.0372
48.049
48.0279
48.0335
48.0661
48.0369
48.0403
48.0215
50.2424
50.2598
48.8354
48.6898
48.1492
48.5024
48.4675
48.173
48.2464
48.4509
48.2609
48.3193
48.1525
48.3048
48.4384
48.2863
48.323
48.4303
48.5278
48.514
48.3946
48.3894
48.4717
48.3692
48.369
48.305
48.378
48.3801
48.3014
48.3026
48.3653
48.4259
48.4295
48.3789
48.3793
48.4324
48.3663
48.3631
48.3026
48.3522
48.3499
48.2952
48.3108
48.3555
48.3983
48.3953
48.3097
48.322
48.3621
48.2868
48.3001
48.2681
48.2752
48.2785
48.2394
48.2102
48.2468
48.282
48.2543
48.2648
48.2763
48.284
48.2565
48.2575
48.1991
48.2314
48.2628
48.2157
48.2243
48.2535
48.2603
48.26
46.0124
46.5024
47.7798
47.4853
47.3601
47.244
47.6795
47.825
47.6574
47.7516
47.729
47.9453
48.0208
47.7734
47.8571
48.0091
47.8113
47.8356
47.7454
47.8054
47.9241
47.8479
47.8082
47.7599
47.861
47.8234
47.7778
47.8138
47.8538
47.9371
47.969
47.8695
47.8983
47.9681
47.8697
47.8932
47.8492
47.8822
47.9034
47.8571
47.8383
47.8976
47.9509
47.9321
47.9087
47.9181
47.9687
47.9277
47.9374
47.9029
47.9494
47.9554
47.917
47.9248
47.9683
48.0098
48.0162
47.9812
47.9856
48.024
47.9912
48.0065
47.9755
48.0118
48.016
47.9935
47.9987
48.0326
48.0035
48.0071
47.9816
48.0143
50.2141
49.3144
48.965
48.2225
48.6332
48.5726
48.191
48.2464
48.473
48.4707
48.5102
48.3122
48.4653
48.5957
48.4202
48.416
48.4454
48.5478
48.5342
48.4074
48.4001
48.4855
48.373
48.3684
48.2869
48.3637
48.3634
48.2795
48.2997
48.3651
48.4277
48.423
48.3745
48.375
48.4296
48.359
48.3564
48.3542
48.404
48.3995
48.3437
48.3427
48.3886
48.4322
48.4378
48.4027
48.4204
48.4545
48.4182
48.3934
48.3485
48.3865
48.3744
48.3316
48.3326
48.3459
48.3792
48.3852
48.3256
48.3265
48.3593
48.3127
48.3214
48.2898
48.3009
48.3319
48.309
48.2926
48.3219
48.3498
48.3282
48.3025
48.3765
48.5629
47.7512
47.9465
47.247
47.5244
47.9231
47.5774
47.7277
47.5571
47.6989
47.9181
47.8126
47.7816
47.7097
47.8549
47.8278
47.7355
47.738
47.7247
47.8469
47.8348
47.7547
47.8089
47.8738
47.9529
47.9972
47.8229
47.8487
47.93
47.8396
47.8683
47.8347
47.8156
47.8873
47.8511
47.8253
47.7836
47.8478
47.8686
47.8316
47.8494
47.786
47.8438
47.8707
47.8347
47.8435
47.8935
47.9431
47.9618
47.9328
47.9393
47.9835
47.9475
47.9533
47.9171
47.923
47.9638
47.9307
47.9429
47.9226
47.9608
47.9965
47.9654
47.9748
47.9548
47.9898
47.9957
47.9652
47.9692
50.2876
50.2922
49.6139
48.7124
48.6184
48.8861
48.5161
48.5712
48.2951
48.4946
48.474
48.2642
48.3131
48.4541
48.2947
48.2928
48.1685
48.2847
48.3899
48.269
48.2644
48.1606
48.2539
48.2741
48.2089
48.2168
48.293
48.2073
48.2096
48.1578
48.2256
48.2893
48.2197
48.2182
48.219
48.2761
48.2762
48.2165
48.2151
48.2676
48.2232
48.2406
48.1929
48.2406
48.2421
48.1962
48.2095
48.2232
48.2653
48.2682
48.195
48.2059
48.2447
48.1742
48.1752
48.1364
48.1526
48.1901
48.1652
48.151
48.1553
48.1868
48.1682
48.1475
48.1582
48.174
48.1483
48.148
48.1045
48.1353
48.1607
48.114
48.2708
46.0214
47.1419
47.5822
47.3264
47.3789
47.7955
48.0416
47.9709
47.8629
47.9169
48.0434
47.8902
47.8684
47.7086
47.8691
47.865
47.7202
47.7842
47.878
47.9626
48.0045
47.9025
47.9064
48.0032
47.926
47.9395
47.898
47.9532
47.9502
47.8863
47.871
47.8831
47.9536
47.938
47.8863
47.9164
47.954
47.9003
47.9287
47.8615
47.914
47.9699
47.9158
47.9344
47.9551
48.0039
48.0084
47.9652
47.9707
48.0163
47.9773
47.9835
47.9599
48.0022
48.0416
48.0053
48.0098
48.0477
48.0851
48.0888
48.0652
48.0769
48.1119
48.0887
48.0913
48.0599
48.0925
48.0939
48.064
48.0687
48.0997
50.2088
49.2514
48.3861
48.4101
48.7849
48.6999
48.7309
48.457
48.6634
48.673
48.441
48.4161
48.5601
48.3793
48.371
48.2233
48.3422
48.4507
48.3235
48.3373
48.2583
48.3505
48.3516
48.2571
48.2667
48.3461
48.2824
48.2875
48.2091
48.2784
48.343
48.2669
48.2668
48.2668
48.3242
48.3225
48.2657
48.2834
48.3327
48.2781
48.279
48.2416
48.2901
48.3035
48.2535
48.2538
48.2949
48.3137
48.3215
48.2741
48.2599
48.2991
48.2516
48.2408
48.2171
48.2464
48.2676
48.237
48.2368
48.2406
48.2747
48.277
48.2347
48.2368
48.2565
48.2103
48.2203
48.18
48.2031
48.2329
48.1913
48.1973
46.1707
47.7112
47.8783
47.6072
47.6695
48.0702
47.8635
47.7903
47.6094
47.8743
47.9778
47.8174
47.9002
47.6741
47.8515
47.9127
47.7232
47.7877
47.9195
47.9623
48.0099
47.9541
47.9894
48.0864
48.0263
47.9725
47.9232
48.0069
47.9563
47.9025
47.9216
47.9537
48.0249
48.0357
47.9424
47.9707
48.0345
47.9656
47.9909
47.9416
47.9724
47.9867
47.9522
47.9435
47.9952
48.0374
48.0207
47.9916
47.9969
48.0425
48.0021
48.0073
47.9739
48.0157
48.0302
48.0061
48.0137
48.0528
48.0907
48.092
48.0592
48.062
48.0975
48.0648
48.0727
48.0422
48.0757
48.0783
48.0468
48.0528
48.0848
48.1154
48.5827
47.6128
48.494
48.9432
48.3513
48.344
48.0285
48.3004
48.297
48.0541
48.0821
48.2663
48.0934
48.1106
48.0129
48.1576
48.2776
48.1573
48.1996
48.2091
48.3079
48.305
48.2013
48.2037
48.2875
48.1987
48.2008
48.1214
48.1965
48.2637
48.1913
48.211
48.2752
48.3343
48.3353
48.2884
48.2931
48.3457
48.2833
48.2821
48.2263
48.2753
48.2756
48.2239
48.2228
48.2676
48.3113
48.3213
48.2846
48.2707
48.3108
48.2795
48.2591
48.2305
48.2677
48.2435
48.2083
48.211
48.2203
48.2553
48.2628
48.2002
48.2113
48.2435
48.1857
48.1972
48.1749
48.1861
48.2167
48.187
48.1697
48.1807
50.1939
48.6469
47.986
48.0293
48.2618
47.9343
47.9582
47.6831
47.9717
48.1619
47.8842
47.988
48.0365
48.1449
48.1979
48.0411
48.052
48.1771
48.0639
48.0471
47.9808
48.0541
48.1303
48.0652
48.0475
47.9679
48.0541
48.0273
47.9644
47.9996
48.0413
48.0314
48.0577
47.9694
48.0298
48.0927
48.0092
48.0296
47.9819
48.0079
48.0254
47.9923
47.9704
48.0238
48.0738
48.0482
48.0166
48.0373
48.052
48.0206
48.0309
48.0024
48.0451
48.0515
48.0141
48.0223
48.0619
48.0993
48.1135
48.0795
48.115
48.1499
48.1156
48.1181
48.0857
48.1197
48.1301
48.0998
48.1038
48.135
48.1074
48.1104
46.6999
48.4894
49.0905
48.3256
48.3374
48.3224
48.6036
48.5522
48.2674
48.2916
48.4767
48.3263
48.3301
48.2095
48.3481
48.3488
48.2069
48.246
48.3515
48.4482
48.4385
48.3316
48.3311
48.4134
48.3171
48.319
48.2589
48.3311
48.3315
48.255
48.2778
48.3404
48.3996
48.4054
48.3569
48.4097
48.4579
48.393
48.3889
48.3294
48.3772
48.3749
48.3194
48.3327
48.3761
48.3281
48.327
48.2786
48.3199
48.3582
48.325
48.3182
48.3173
48.3538
48.344
48.2968
48.2985
48.318
48.2705
48.2809
48.2348
48.2631
48.2959
48.2559
48.2606
48.2273
48.2413
48.2407
48.2193
48.2074
48.2359
48.2327
48.9239
47.6919
47.9235
48.1761
47.8078
48.0097
47.6061
47.9465
48.0561
47.7237
47.8016
48.0089
48.0682
48.1284
48.0295
47.9536
48.0915
47.994
47.9305
47.8342
47.9517
47.9084
47.8533
47.8843
47.931
48.024
48.0588
47.9502
47.9815
48.0527
47.9456
47.9815
47.9352
47.975
48.0409
47.9789
47.9636
47.9833
48.0292
48.0137
47.9811
47.9831
48.0221
47.9927
47.9923
47.9542
48.0044
48.0357
47.984
48.0063
48.0003
48.0362
48.0404
48.0017
48.0093
48.0498
48.014
48.0189
47.9959
48.034
48.0697
48.0362
48.0419
48.0552
48.0894
48.0941
48.0734
48.0782
48.1102
48.0797
48.0823
48.0535
50.2876
49.2549
48.1731
48.3129
48.703
48.9602
48.9536
48.6063
48.5704
48.7421
48.5071
48.5277
48.5565
48.6805
48.6597
48.492
48.4786
48.5787
48.6694
48.6497
48.5231
48.6043
48.6789
48.6892
48.6748
48.5718
48.6349
48.6204
48.5413
48.5572
48.6131
48.5372
48.5276
48.453
48.5053
48.555
48.4835
48.4831
48.4954
48.5375
48.4934
48.4432
48.4385
48.4807
48.4252
48.4261
48.385
48.4253
48.4344
48.3854
48.383
48.4195
48.4542
48.4506
48.3841
48.4011
48.4335
48.3835
48.3922
48.3468
48.3677
48.3715
48.3263
48.3272
48.358
48.3718
48.3725
48.3413
48.3188
48.3473
48.32
48.3009
46.7033
48.5186
48.7229
48.2123
48.2073
47.7401
48.1063
48.1112
47.8648
47.9868
48.1073
48.2823
48.2802
48.0317
48.0768
48.2139
48.2574
48.297
48.2166
48.1914
48.2932
48.2037
48.1845
48.0995
48.1576
48.2313
48.1729
48.1354
48.0687
48.1425
48.1066
48.0503
48.059
47.9781
48.0455
48.0681
47.9903
48.0186
48.0635
48.1088
48.1125
48.0479
48.0661
48.1164
48.046
48.0572
48.0143
47.9937
48.0408
48.0066
47.9938
47.972
48.0139
48.056
48.0195
48.0348
47.9989
48.0356
48.0413
48.0174
48.0238
48.0583
48.0936
48.0933
48.0611
48.0643
48.0979
48.0971
48.1032
48.083
48.239
49.2659
48.118
48.1571
47.6899
48.1308
48.2467
48.0201
48.0475
48.256
48.2354
48.2216
48.0505
48.2003
48.3417
48.2346
48.2491
48.1637
48.2708
48.2741
48.1573
48.1772
48.2704
48.202
48.2085
48.1235
48.2042
48.2727
48.1941
48.1928
48.1955
48.2554
48.2609
48.2145
48.2251
48.283
48.233
48.2338
48.1808
48.2336
48.2795
48.2822
48.3013
48.3456
48.3884
48.3813
48.3309
48.3275
48.3677
48.3175
48.3293
48.2864
48.3243
48.3235
48.2576
48.2693
48.3043
48.3172
48.3301
48.3024
48.2934
48.3258
48.2853
48.2717
48.2466
48.2684
48.2901
48.2649
48.2561
48.2585
48.2871
48.2744
46.2428
47.2965
47.8469
47.9087
48.1295
47.5461
47.734
48.0437
47.7033
47.8212
47.629
47.8144
48.005
47.8066
47.8509
47.7392
47.8086
47.8437
47.7795
47.7374
47.6979
47.8152
47.7945
47.7513
47.7662
47.8376
47.9282
47.9152
47.858
47.8954
47.9335
47.8771
47.9017
47.802
47.8335
47.9017
47.8198
47.8441
47.8103
47.854
47.9132
47.8571
47.8577
47.8204
47.8525
47.86
47.8349
47.8205
47.8379
47.8869
47.8708
47.8439
47.852
47.8977
47.9411
47.9478
47.9255
47.9308
47.9709
47.9348
47.9401
47.9062
47.9445
47.9813
47.9557
47.9606
47.9287
47.9635
47.9661
47.9394
48.2401
49.2808
49.6014
49.4299
48.8721
48.7816
48.9963
48.6007
48.5702
48.3815
48.554
48.5129
48.3195
48.3165
48.4472
48.5632
48.5337
48.3932
48.3978
48.4943
48.4035
48.4116
48.4358
48.5123
48.5025
48.407
48.4275
48.488
48.4103
48.3984
48.321
48.3808
48.4388
48.3668
48.3617
48.3039
48.3531
48.3549
48.3681
48.3697
48.4172
48.3698
48.3746
48.3334
48.3769
48.4149
48.3631
48.3569
48.3551
48.3918
48.3894
48.3449
48.346
48.3818
48.3223
48.3326
48.3034
48.3141
48.3483
48.3227
48.3003
48.3101
48.3414
48.3237
48.2939
48.2906
48.3081
48.2738
48.2661
48.2287
48.2582
48.2769
45.7549
47.4033
46.6777
47.5686
47.8423
47.3529
47.5982
47.9305
48.0504
48.071
47.8749
47.8628
48.0502
48.1668
48.1459
48.0605
48.0275
48.1417
48.0621
48.0286
47.963
48.0676
48.1059
48.047
48.0902
47.9709
48.0563
48.121
48.0214
48.055
47.9698
48.0323
48.052
47.9657
47.9883
48.0513
48.0709
48.0938
48.0586
48.051
48.1063
48.0999
48.0819
48.0341
48.0315
48.0702
48.0388
48.0255
47.9911
48.0364
48.0556
48.0249
48.0388
48.0031
48.0446
48.0484
48.0232
48.0334
48.0392
48.0735
48.0762
48.0417
48.0545
48.0893
48.1231
48.1245
48.0928
48.1048
48.135
48.1054
48.3536
47.5112
48.4073
48.4077
48.065
48.1103
48.4139
48.6271
48.5848
48.3354
48.3879
48.5371
48.341
48.3339
48.193
48.3238
48.3171
48.1937
48.2298
48.3336
48.4248
48.4453
48.3409
48.4201
48.4942
48.3969
48.4004
48.3368
48.4039
48.4013
48.3234
48.3161
48.376
48.3072
48.3079
48.2615
48.3144
48.3674
48.3221
48.324
48.3219
48.3687
48.3641
48.3101
48.3168
48.356
48.3112
48.3102
48.263
48.3
48.339
48.2933
48.3057
48.3424
48.355
48.366
48.3369
48.3274
48.3608
48.3196
48.3055
48.2787
48.3037
48.3257
48.2973
48.2857
48.2846
48.3138
48.2997
48.2746
48.285
48.2966
46.7026
47.7259
46.6583
47.2326
47.8416
47.3041
47.4922
47.3239
47.5514
47.8262
47.6321
47.6547
47.5532
47.686
47.7192
47.6688
47.6518
47.725
47.8593
47.8138
47.7443
47.7765
47.8309
47.9333
47.9442
47.8359
47.872
47.94
47.8464
47.8808
47.7981
47.8217
47.8977
47.8301
47.8566
47.8095
47.8375
47.9033
47.8704
47.8503
47.8192
47.874
47.8593
47.8312
47.8309
47.8427
47.8946
47.8893
47.8496
47.8727
47.8965
47.9433
47.9591
47.9247
47.9358
47.9763
47.9423
47.9573
47.9275
47.9654
48.0037
47.9713
47.9781
47.947
47.982
47.9914
47.9711
47.9765
48.0083
48.0408
47.9932
38.0576
41.0391
43.3604
44.0111
44.7355
44.9144
45.5634
45.8664
45.8703
46.0893
46.4425
46.7389
46.8519
46.7949
46.9039
47.0928
47.0379
47.1341
47.0849
47.2345
47.3017
47.2501
47.2918
47.4116
47.4318
47.4615
47.4095
47.5074
47.5947
47.5478
47.5772
47.5512
47.6316
47.6501
47.6861
47.7032
47.7716
47.7256
47.7557
47.7101
47.7714
47.8298
47.7874
47.7977
47.8054
47.8584
47.8636
47.8354
47.846
47.8942
47.8619
47.8725
47.8514
47.8728
47.9165
47.892
47.8834
47.8919
47.9245
47.9197
47.8997
47.8921
47.9245
47.9014
47.8943
47.8696
47.9058
47.922
47.9375
47.9537
47.951
50.2877
49.2995
47.8561
48.0296
48.4106
47.8884
47.9385
47.6112
47.8732
48.115
47.859
47.9425
47.8103
47.8977
47.9529
47.8743
47.8608
47.9976
47.9984
47.9656
47.9
47.9864
48.0606
47.9738
47.9492
47.8879
47.9765
47.9562
47.8982
47.9217
47.9574
48.0315
48.0608
47.9806
48.0057
48.0688
47.985
47.9926
47.9309
47.9751
47.9829
47.9194
47.9355
47.9892
48.0135
48.0214
47.9832
47.9697
48.0178
47.9899
47.9836
47.9615
48.0037
47.9941
47.9561
47.9581
47.9982
48.0375
48.0413
48.0074
48.0082
48.0449
48.0082
48.0122
47.9838
48.0193
48.031
48.0096
48.0156
48.0458
48.0776
48.0774
46.1204
47.1657
48.207
47.6541
47.7776
47.492
47.8675
47.9229
47.6924
47.8143
48.0433
48.2334
48.286
48.1294
48.1369
48.2608
48.1281
48.1254
48.0133
48.1177
48.1242
48.027
48.0375
48.1308
48.2068
48.2093
48.1285
48.207
48.2803
48.2246
48.2294
48.1545
48.2189
48.2129
48.1495
47.9518
48.0147
47.9626
47.9704
47.9215
47.9728
48.0281
47.9771
47.9912
47.9605
48.0119
48.0315
48.0387
48.0432
48.0846
48.0435
48.0444
48.0058
48.0448
48.0857
48.0482
48.0305
48.0459
48.0821
48.0684
48.0452
48.0498
48.0765
48.0545
48.0471
48.021
48.0548
48.0713
48.045
48.054
48.0053
48.0376
48.8396
46.7486
47.456
48.1383
47.5138
47.6951
47.4253
47.7178
48.0078
47.8077
47.8745
47.7263
47.8308
47.8684
47.7897
47.7423
47.8943
47.901
47.8555
47.7714
47.7906
47.8662
47.8039
47.8055
47.7379
47.8376
47.8498
47.8026
47.8237
47.8633
47.9437
47.9747
47.8708
47.8945
47.963
47.8729
47.8833
47.8295
47.8713
47.8889
47.8338
47.8526
47.91
47.9425
47.9569
47.9277
47.9071
47.9572
47.9262
47.9085
47.8871
47.9329
47.9153
47.8859
47.8941
47.9224
47.9639
47.9647
47.9358
47.9495
47.9888
47.9668
47.9739
47.9432
47.9767
47.9817
47.9496
47.9645
47.9977
48.0304
48.0335
48.0041
48.087
49.097
48.064
48.077
47.7884
48.2119
48.3107
48.1086
48.1222
48.3384
48.4997
48.4814
48.3267
48.3345
48.4648
48.4508
48.4386
48.294
48.3988
48.3815
48.2686
48.2697
48.3592
48.3467
48.3654
48.2809
48.3471
48.4167
48.3284
48.3449
48.2682
48.3314
48.3288
48.2574
48.2578
48.307
48.2446
48.2401
48.1879
48.2388
48.2898
48.2515
48.2514
48.2512
48.2904
48.2919
48.2539
48.2566
48.298
48.2501
48.2501
48.2042
48.2435
48.2782
48.2366
48.2365
48.2485
48.2837
48.2641
48.2371
48.238
48.2576
48.2283
48.2259
48.1959
48.2275
48.2442
48.2108
48.2149
48.1983
48.2275
48.2275
44.716
46.8064
47.9651
47.1947
47.4618
47.199
47.5275
47.8773
47.7013
47.7343
47.7964
47.9242
47.9482
47.8475
47.7947
47.9528
47.8777
47.8358
47.7758
47.9013
47.9625
47.892
47.9052
47.8178
47.9185
47.9375
47.8689
47.8971
47.9442
47.8754
47.8927
47.7962
47.8731
47.9442
47.8584
47.8796
47.8328
47.869
47.8963
47.8596
47.858
47.9161
47.8701
47.8747
47.8474
47.8777
47.9298
47.8978
47.8791
47.8509
47.8986
47.8835
47.8526
47.8616
47.8894
47.9325
47.9371
47.8995
47.9163
47.9528
47.922
47.9344
47.9033
47.9406
47.9428
47.9138
47.9185
47.9535
47.985
47.9894
47.9704
48.0023
50.298
48.0755
48.3523
47.7855
48.2878
48.2893
47.9684
48.0037
48.2609
48.0774
48.0886
47.9139
48.083
48.241
48.0703
48.1225
48.0012
48.1287
48.1354
48.0601
48.0734
48.1666
48.0728
48.074
48.0166
48.104
48.1821
48.1037
48.1061
48.1106
48.1731
48.1781
48.1249
48.1315
48.1931
48.128
48.1324
48.0925
48.1486
48.1515
48.104
48.106
48.157
48.2056
48.2043
48.1557
48.1561
48.2013
48.1669
48.171
48.1284
48.1705
48.1804
48.1513
48.1566
48.1919
48.2287
48.2267
48.2007
48.2027
48.2191
48.1897
48.1897
48.1511
48.1845
48.1882
48.1505
48.1615
48.1787
48.2071
48.2184
48.1744
48.2662
49.28
47.7563
47.9954
47.6276
47.8791
48.0315
47.853
47.848
48.0937
48.2538
48.1958
48.0754
48.0443
48.1735
48.0743
48.0377
47.9446
48.0685
48.1153
48.0293
48.044
48.0192
48.1165
48.1554
48.0533
48.0852
48.1576
48.0512
48.0723
47.9964
48.0527
48.0688
47.9664
47.9868
47.9338
47.9674
47.9758
47.9427
47.923
47.9828
47.959
47.9403
47.9106
47.9607
47.9894
47.9569
47.9574
47.9088
47.9566
47.9594
47.9169
47.9266
47.9529
47.995
48.0149
47.9626
47.979
48.0189
47.9965
48.0036
47.9714
48.0082
48.0119
47.981
47.9885
48.0228
47.995
47.9985
47.9699
48.0029
48.0352
46.5368
47.435
47.0756
47.8779
47.9916
47.6829
47.7621
48.0789
47.8459
47.8946
47.9904
48.1814
48.3432
48.1743
48.1812
48.2065
48.3309
48.3627
48.364
48.3582
48.4505
48.3388
48.3358
48.2533
48.3348
48.3408
48.2548
48.2596
48.3282
48.3938
48.39
48.3189
48.3345
48.3931
48.3434
48.3446
48.2811
48.3338
48.3313
48.2731
48.28
48.3279
48.3737
48.3712
48.3184
48.3174
48.3595
48.3105
48.3112
48.2791
48.3194
48.3311
48.2912
48.2906
48.3267
48.2857
48.2851
48.2453
48.2801
48.2938
48.2521
48.2634
48.2155
48.2403
48.248
48.1411
