0.475994
0.989624
0.712243
0.984326
0.717059
0.981519
0.718876
0.977756
0.723963
0.975
0.725881
0.974785
0.725757
0.973729
0.726749
0.971629
0.721026
0.992185
0.709211
0.98559
0.715917
0.983682
0.716231
0.982503
0.718745
0.978613
0.721448
0.978216
0.723308
0.972793
0.73024
0.970127
0.728691
0.971729
0.72896
0.968825
0.731401
0.967914
0.732726
0.966923
0.730986
0.972446
0.726141
0.975166
0.720836
0.974105
0.734018
0.963235
0.737051
0.963098
0.736614
0.950614
0.755795
0.948628
0.75069
0.949913
0.750379
0.948892
0.75075
0.949127
0.74929
0.952247
0.747772
0.953467
0.745177
0.956022
0.741928
0.961094
0.730158
0.983909
0.719224
0.977803
0.721463
0.978184
0.72201
0.97789
0.722909
0.975256
0.725277
0.973923
0.727208
0.959845
0.747586
0.952282
0.746763
0.954093
0.744482
0.957503
0.741234
0.950162
0.756375
0.94299
0.756675
0.944792
0.754562
0.946793
0.731773
1.00787
