0.4
0.313072
0.269621
0.23328
0.206039
0.190151
0.178309
0.171404
0.170642
0.167146
0.163736
0.164325
0.164625
0.167631
0.163903
0.163112
0.165336
0.167102
0.168732
0.165105
0.164704
0.166775
0.166215
0.168267
0.165567
0.165633
0.164051
0.165937
0.161681
0.161835
0.160533
0.165883
0.165185
0.164667
0.165664
0.166368
0.166418
0.163851
0.164859
0.159254
0.162142
0.162731
0.164623
0.162272
0.16439
0.164903
0.165224
0.167614
0.166075
0.167463
0.16623
0.164488
0.164622
0.167767
0.166769
0.166751
0.165199
0.164628
0.163532
0.167057
0.164181
0.167268
0.166744
0.165851
0.165173
0.1651
0.164322
0.163576
0.161741
0.161583
0.162192
0.16095
0.161592
0.163162
0.166663
0.163732
0.160637
0.162047
0.164477
0.167403
0.168605
0.166343
0.163646
0.166835
0.168566
0.167262
0.165196
0.167585
0.16337
0.163671
0.161969
0.16642
0.165147
0.16631
0.164692
0.166151
0.164442
