0.4
0.293482
0.235199
0.190546
0.160529
0.146877
0.143125
0.139574
0.140655
0.139168
0.141349
0.139221
0.139556
0.138934
0.135667
0.137172
0.141455
0.140183
0.141884
0.140863
0.141494
0.137971
0.141023
0.139585
0.1411
0.141036
0.14045
0.137748
0.140892
0.138855
0.141076
0.140137
0.141832
0.140099
0.141422
0.140181
0.141279
0.139218
0.141614
0.139199
0.141198
0.137633
0.14105
0.139159
0.141063
0.140959
0.140313
0.141056
0.141518
0.140937
0.141323
0.13716
0.139099
0.138796
0.140693
0.14113
0.13689
0.13745
0.14104
0.139872
0.140346
0.139521
0.141291
0.138193
0.141178
0.140277
0.141484
0.136803
0.140559
0.139617
0.1411
0.140666
0.141269
0.138537
0.140867
0.138905
0.139237
0.140417
0.141211
0.139781
0.141177
0.139744
0.139983
0.13672
0.140437
0.140752
0.14128
0.14079
0.140544
0.139175
0.139781
0.140549
0.138002
0.14039
0.140003
0.139799
0.140893
