0.0306326
0.401665
0.506521
0.619095
0.74499
0.821133
0.822684
0.858315
0.838563
0.866774
0.833632
0.852579
0.845217
0.824867
0.86158
0.882946
0.840215
0.863081
0.842147
0.854857
0.822899
0.873476
0.838942
0.86165
0.849508
0.845494
0.82921
0.87419
0.834327
0.867086
0.84278
0.863032
0.836675
0.860171
0.840458
0.858445
0.834145
0.868432
0.831419
0.865377
0.822577
0.876291
0.835451
0.864646
0.849196
0.845033
0.855718
0.853552
0.845529
0.852973
0.817979
0.864911
0.847668
0.864593
0.853362
0.817388
0.854308
0.87761
0.841015
0.853651
0.843655
0.863609
0.82617
0.872963
0.843068
0.859289
0.813989
0.878892
0.84276
0.861402
0.846663
0.854637
0.828986
0.867922
0.834909
0.852559
0.859074
0.856107
0.839002
0.860733
0.838982
0.851837
0.8249
0.878593
0.852423
0.854064
0.846225
0.84811
0.839469
0.854666
0.855904
0.830406
0.868372
0.847021
0.848433
0.858417
0.824738
