0.3
0.294006
0.292722
0.29157
0.290573
0.289702
0.288911
0.288226
0.287629
0.287134
0.286619
0.28613
0.28571
0.285375
0.285058
0.284769
0.284535
0.284334
0.284177
0.284065
0.283951
0.283904
0.28388
0.283848
0.283849
0.283871
0.283975
0.284092
0.284083
0.284325
0.284473
0.284553
0.284735
0.284748
0.284776
0.284913
0.285003
0.285212
0.285299
0.28537
0.285502
0.285769
0.286062
0.286243
0.286287
0.286434
0.286555
0.286542
0.286736
0.286927
0.286978
0.287178
0.287324
0.287409
0.287467
0.287555
0.28764
0.28765
0.287855
0.287988
0.288121
0.288167
0.28837
0.288626
0.288629
0.288726
0.288793
0.288797
0.288761
0.288693
0.288628
0.288626
0.288531
0.28851
0.288466
0.288394
0.288451
0.288475
0.288519
0.288459
0.288416
0.288429
0.288398
0.288409
0.288364
0.288338
0.288447
0.288456
0.288526
0.288581
0.288545
0.288527
0.288475
0.288487
0.28846
0.288443
0.288354
0.288279
0.288334
0.288295
0.288409
0.288291
0.288252
0.288189
0.288085
0.288092
0.288129
0.288108
0.288019
0.287988
0.288002
0.288007
0.287959
0.287865
0.288
0.288055
0.288049
0.288054
0.288013
0.287965
0.287969
0.288004
0.288077
0.287963
0.287907
0.287833
0.287878
0.287718
0.287754
0.287767
0.287749
0.287781
0.287547
0.287558
0.287441
0.287441
0.287338
0.287277
0.287299
0.287304
0.287297
0.287326
0.28728
0.287318
0.287438
0.287431
