0.35
0.35
0.35
0.35
0.35
0.366667
0.366667
0.460639
0.460639
0.530485
0.530485
0.588597
0.588597
0.639298
0.639298
0.684152
0.684152
0.725563
0.725563
0.763018
0.763018
0.798464
0.798464
0.831819
0.831819
0.863103
0.863103
0.893223
0.893223
0.922225
0.922225
0.949578
0.949578
0.976188
0.976188
1.00147
1.00147
1.02616
1.02616
1.05016
1.05016
1.07332
1.07332
1.09574
1.09574
1.11758
1.11758
1.13878
1.13878
1.15966
1.15966
1.17988
1.17988
1.19944
1.19944
1.21862
1.21862
1.23738
1.23738
1.25598
1.25598
1.27401
1.27401
1.29183
1.29183
1.30908
1.30908
1.32639
1.32639
1.34295
1.34295
1.35964
1.35964
1.37576
1.37576
1.39169
1.39169
1.40724
1.40724
1.42259
1.42259
1.43783
1.43783
1.45296
1.45296
1.46742
1.46742
1.48194
1.48194
1.49645
1.49645
1.51053
1.51053
1.52456
1.52456
1.53849
1.53849
1.55198
1.55198
1.56528
1.56528
1.57875
1.57875
1.59169
1.59169
1.60463
1.60463
1.61764
1.61764
1.63017
1.63017
1.64276
1.64276
1.65504
1.65504
1.66729
1.66729
1.67926
1.67926
1.69138
1.69138
1.70322
1.70322
1.71473
1.71473
1.7263
1.7263
1.73772
1.73772
1.74907
1.74907
1.76021
1.76021
1.77152
1.77152
1.78256
1.78256
1.79337
1.79337
1.80428
1.80428
1.81511
1.81511
1.82571
1.82571
1.83631
1.83631
1.84686
1.84686
1.85708
1.85708
1.8674
1.8674
1.8777
1.8777
1.88768
1.88768
1.89775
1.89775
1.90775
1.90775
1.91751
1.91751
1.9273
1.9273
1.93706
