282.956
327.171
331.622
340.495
341.135
341.231
336.465
342.597
339.318
336.788
338.333
339.432
339.427
338.582
342.444
336.539
340.355
339.192
339.524
337.146
339.034
340.289
342.427
339.425
457.85
495.058
495.101
494.9
497.476
492.649
495.04
497.582
494.97
494.927
494.868
495.382
497.244
494.931
494.778
494.63
497.618
495.183
497.388
495.287
496.43
495.446
497.789
493.1
497.317
497.795
495.249
494.743
494.953
497.425
497.372
494.687
494.953
494.902
495.004
498.195
497.322
495.373
496.495
493.993
495.881
497.148
497.384
493.02
494.207
494.115
495.407
495.416
494.124
496.369
494.684
494.987
495.656
495.247
494.601
496.234
494.391
495.709
495.128
497.638
495.066
494.236
495.845
497.311
495.063
495.049
497.677
497.512
495.602
497.253
492.485
492.512
497.039
495.02
495.419
494.502
497.722
498.061
496.508
495.781
494.454
494.986
494.556
497.129
492.301
493.988
494.851
492.966
496.995
492.285
492.338
492.129
489.573
494.62
491.434
485.605
486.309
487.491
496.884
486.354
489.784
477.37
481.274
494.911
483.781
483.812
477.139
498.01
479.507
481.13
482.144
495.953
475.284
475.236
471.072
498.405
473.533
475.585
475.599
496.328
470.929
480.2
466.51
494.868
467.849
472.566
474.381
491.4
467.264
465.05
495.837
472.058
468.122
465.66
495.412
459.22
466.999
492.826
465.065
468.74
463.329
494.531
463.22
464.193
497.355
457.883
460.088
481.579
473.765
459.68
462.536
495.347
454.682
458.499
496.747
455.723
454.249
497.692
455.191
453.522
486.897
463.35
456.909
476.095
479.754
454.913
461.7
490.817
452.699
452.969
493.59
452.16
449.373
497.073
445.521
449.359
494.665
448.957
449.833
497.208
443.498
445.043
496.916
446.144
449.892
494.134
445.263
456.184
490.989
446.888
459.72
482.436
440.776
473.659
467.487
442.927
484.507
456.237
441.398
494.881
442.391
439.711
496.663
435.286
440.174
495.86
440.431
456.613
481.304
437.663
476.764
460.963
435.551
495.194
433.632
436.971
495.981
433.878
453.865
478.883
434.295
480.914
451.188
436.435
494.35
430.824
442.374
488.547
430.435
475.873
457.157
432.168
495.194
427.004
440.474
485.704
432.221
477.889
448.611
431.343
497.316
431.657
448.713
476.754
429.244
488.362
432.685
429.347
495.683
426.29
469.74
456.492
426.276
497.418
425.966
450.093
477.151
424.393
493.709
430.013
432.472
487.078
426.845
480.524
437.894
428.525
496.214
422.862
469.789
449.082
427.203
495.643
419.698
465.146
453.654
423.777
494.492
422.988
461.599
460.051
419.871
497.569
420.28
461.005
457.129
420.516
497.368
417.517
463.711
454.243
420.895
494.588
420.795
466.12
446.884
418.094
496.271
418.579
473.873
437.752
424.84
491.084
420.073
483.318
431.511
430.47
482.432
414.798
494.979
415.199
446.702
465.736
417.659
496.334
412.413
464.695
446.541
417.092
496.548
415.731
480.838
429.064
433.041
479.784
412.334
495.56
417.245
451.949
457.43
412.708
496.26
412.314
478.287
431.465
430.57
475.172
414.495
496.978
413.362
457.478
449.864
415.442
495.958
410.83
487.878
417.914
444.595
464.404
410.862
494.333
411.702
475.023
431.767
429.295
474.62
410.071
496.517
409.878
467.27
440.131
422.168
485.53
409.408
497.348
406.574
458.998
443.615
419.309
485.765
409.421
497.439
409.897
455.878
449.065
415.26
488.795
409.843
497.427
406.661
459.004
445.746
416.434
486.177
409.594
497.087
406.867
458.616
447.478
417.768
483.419
410.664
496.966
403.592
465.309
437.379
424.947
479.889
403.703
497.01
404.237
472.594
429.741
433.224
468.34
401.783
494.415
406.469
486.857
415.265
446.79
451.745
413.444
488.995
403.507
497.293
401.064
467.124
431.973
433.297
470.845
401.687
494.894
403.676
487.098
415.741
449.665
447.064
415.485
485.658
402.39
496.593
401.737
472.031
423.466
439.558
460.083
404.872
494.862
400.595
497.206
401.496
464.695
431.968
430.074
465.426
402.484
496.81
398.381
493.618
403.898
461.757
432.585
430.216
471.192
396.138
494.277
400.334
495.352
403.729
461.01
435.112
426.766
468.522
399.521
494.107
397.898
495.085
401.027
464.07
432.242
432.893
460.631
404.623
494.351
401.841
494.94
397.842
470.208
423.196
439.194
455.279
410.23
488.564
395.994
494.326
398.214
482.254
414.909
447.04
444.001
418.957
476.58
396.197
497.414
395.363
492.104
403.869
461.59
432.093
430.591
463.159
402.418
494.076
392.865
494.707
398.455
477.864
415.383
450.356
442.92
418.975
471.935
398.652
494.193
395.64
494.775
395.401
470.468
423.365
437.441
449.952
414.912
479.149
397.368
496.346
389.082
496.01
401.077
463.735
426.972
436.312
453.994
410.929
482.712
391.953
494.084
395.777
491.745
401.003
464.552
425.935
435.836
452.324
411.995
477.364
396.175
496.315
392.416
494.428
395.195
470.652
420.334
440.604
446.601
415.368
474.166
393.389
496.577
389.896
497.512
389.469
477.942
415.116
450.305
436.929
424.707
462.505
401.484
488.096
393.129
497.335
389.44
489.825
401.084
463.419
423.57
439.155
448.232
416.594
476.931
386.541
496.98
390.39
496.753
393.693
478.693
412.367
453.339
434.138
427.086
455.548
410.177
482.1
390.573
497.213
389.684
497.188
392.49
472.116
415.132
450.557
437.129
424.493
460.787
403.599
485.091
390.88
496.233
387.086
495.104
392.532
472.901
415.121
446.859
435.2
426.533
459.726
405.316
484.749
386.41
494.73
389.601
497.114
390.511
474.728
411.941
452.683
431.151
430.376
454.359
410.06
476.92
388.274
494.038
389.856
495.012
390.295
486.9
403.686
461.061
423.825
439.215
444.772
416.64
466.572
398.716
488.506
390.271
497.152
387.35
494.587
389.486
472.68
411.977
452.723
431.544
429.806
451.991
413.206
476.71
387.136
496.797
385.091
495.38
389.859
487.379
395.378
469.48
414.35
449.981
434.212
427.544
451.74
413.061
476.379
387.208
494.775
390.301
496.882
381.312
492.678
392.659
472.874
415.185
449.654
432.076
433.166
452.863
410.158
470.698
392.11
493.105
388.826
496.232
383.892
494.945
389.545
475.729
409.053
455.474
426.264
435.763
445.336
416.211
465.87
398.501
483.118
390.259
494.222
387.117
496.548
381.115
486.501
397.86
466.968
414.643
446.848
434.587
427.404
451.942
412.739
472.031
393.454
493.285
384.339
494.565
387.025
496.722
386.876
478.122
406.383
457.386
420.707
442.168
439.633
421.307
459.103
404.855
476.806
387.247
494.531
387.348
496.955
385.203
494.675
389.277
476.311
405.034
459.036
423.205
438.449
441.114
421.079
459.365
404.511
477.578
387.34
496.274
384.933
497.194
380.723
495.197
386.807
477.834
403.665
461.736
417.35
444.654
436.641
424.26
451.936
412.444
469.229
396.637
487.647
382.065
494.822
384.278
496.858
385.105
488.995
392.338
473.58
408.955
455.424
426.043
435.675
437.345
424.133
457.215
407.127
474.399
390.861
492.442
382.245
494.862
383.236
494.694
384.515
486.086
395.267
470.529
411.703
452.995
428.838
433.22
445.646
415.905
460.972
403.93
479.048
384.861
492.005
382.525
495.501
383.126
495.553
381.532
486.801
394.486
470.825
411.744
452.788
426.077
434.514
438.38
424.097
456.959
408.125
471.96
392.648
491.247
382.774
494.081
384.134
494.857
383.907
489.366
392.334
471.784
406.156
458.673
420.442
441.428
437.292
424.762
451.876
412.518
466.246
399.525
482.586
384.718
494.756
381.571
497.094
381.902
494.565
384.38
481.194
397.836
467.045
414.944
450.706
429.088
433.469
442.408
419.054
458.117
406.081
474.081
391.391
490.026
379.123
494.872
383.741
497.265
378.956
494.751
387.131
478.639
400.957
464.54
414.578
450.04
429.05
432.872
443.165
419.067
459.514
404.932
474.332
390.979
490.799
378.906
494.779
384.092
497.001
378.985
494.075
386.445
479.517
400.548
463.459
414.994
449.992
428.552
434.166
442.2
418.536
460.397
404.398
474.529
390.053
487.555
379.276
496.273
378.653
497.528
383.711
497.024
381.185
483.434
395.473
470.743
408.972
455.562
423.037
438.369
437.292
425.098
451.146
412.534
464.187
401.147
479.264
385.951
496.324
378.723
495.364
384.26
496.708
378.911
488.781
389.254
475.523
403.611
461.633
417.251
444.196
431.779
430.141
445.446
417.129
461.585
401.93
475.628
389.856
489.628
383.346
497.367
377.985
497.355
379.443
494.495
386.921
478.569
399.428
465.211
414.49
448.968
426.574
436.001
437.661
425.047
451.775
412.728
466.084
399.478
482.074
382.031
494.804
381.257
497.007
379.804
495.543
378.6
491.945
386.733
479.127
400.554
463.948
414.776
449.354
426.413
436.096
439.464
422.583
454.139
410.083
466.436
398.943
482.478
381.828
496.796
379.039
496.372
372.895
497.275
378.757
494.139
381.201
483.41
395.178
469.208
408.948
455.265
420.097
441.011
431.176
430.079
443.276
418.263
458.045
407.063
471.365
394.74
484.625
378.537
495.035
381.638
496.632
379.322
497.468
375.781
491.31
387.039
477.801
400.804
465.272
414.595
449.841
426.359
435.859
437.059
425.64
451.448
412.673
463.357
401.178
479.798
384.867
491.348
381.453
496.721
376.029
496.91
378.926
496.648
380.961
483.473
392.229
472.982
405.618
458.668
417.964
444.842
431.543
430.467
442.223
418.761
456.794
407.699
469.309
396.246
485.198
379.194
494.702
384.782
497.204
377.082
496.37
378.689
492.329
386.304
478.578
400.852
462.687
411.889
452.696
422.856
439.648
437.006
424.211
449.212
415.775
459.98
405.009
476.843
387.48
486.237
381.67
497.083
379.566
496.947
375.795
497.271
378.436
489.967
389.489
475.529
400.643
464.594
414.664
450.454
423.235
438.251
435.304
427.972
450.885
414.012
457.394
406.756
471.912
393.144
485.327
378.321
493.809
378.801
496.955
378.723
494.982
378.592
493.997
384.106
480.84
397.919
466.49
409.133
456.257
420.104
441.541
430.991
429.258
441.105
421.581
456.717
407.483
468.964
396.041
481.874
382.24
494.563
378.793
497.071
379.2
495.21
381.874
494.913
381.043
483.465
395.272
470.145
406.267
458.528
417.61
444.74
431.395
433.984
443.13
418.541
454.542
410.195
470.71
393.701
482.514
382.376
496.476
376.003
496.835
379.049
497.219
375.183
495.013
381.138
483.456
392.271
472.918
406.234
458.692
417.66
444.776
429.121
434.413
442.628
419.188
452.353
411.955
467.951
397.028
479.108
384.452
489.414
381.355
496.5
376.947
497.03
381.539
495.159
378.602
489.9
389.82
475.706
400.608
464.425
412.014
452.654
423.579
439.597
433.661
428.092
446.706
415.764
459.465
405.786
474.011
389.684
485.844
379.699
495.429
379.977
493.99
378.424
494.939
377.828
495.745
381.704
483.374
392.529
472.95
403.505
462.063
414.662
446.642
426.332
436.074
437.076
425.924
451.036
412.764
460.765
404.433
476.577
388.842
488.233
375.99
494.943
382.17
497.03
376.284
495.475
381.696
491.895
384.223
480.969
397.722
467.281
409.204
455.748
417.787
445.114
428.356
433.279
437.919
423.619
449.599
417.111
461.792
401.015
470.356
392.677
485.167
380.239
496.639
375.94
494.51
378.501
497.089
376.356
496.168
375.86
489.71
386.931
478.409
400.855
464.564
411.84
454.335
420.186
441.251
432.015
433.317
440.55
422.652
457.251
408.174
466.216
398.995
477.637
388.072
494.24
377.765
496.182
376.229
498.204
381.951
496.49
376.436
489.97
386.787
478.519
398.195
467.187
409.153
456.013
420.618
441.916
432.251
432.955
441.842
420.736
454.862
409.455
466.693
399.722
478.958
385.263
488.63
378.829
497.111
376.207
497.532
379.745
496.622
376.417
492.052
383.242
482.761
395.296
469.231
406.615
459.475
417.577
445.221
429.02
432.34
437.782
425.144
451.498
413.198
463.017
401.239
469.243
396.942
484.223
379.416
494.94
378.034
494.831
379.969
496.822
376.25
495.327
381.235
486.674
386.835
478.303
398.099
467.716
408.963
455.255
417.947
445.083
428.324
434.016
438.003
424.288
449.908
415.882
460.554
405.825
476.78
387.965
483.619
381.842
494.33
383.159
496.543
375.999
497.907
375.841
497.81
378.589
487.258
389.597
475.593
400.782
464.599
409.179
456.26
420.686
442.116
431.716
433.034
442.15
419.803
449.545
415.947
463.066
402.259
474.752
390.223
485.613
380.004
496.157
376.215
495.436
381.97
497.174
376.326
497.505
378.309
487.295
389.738
475.954
400.654
465.482
411.694
452.538
420.948
442.277
431.52
431.581
442.724
418.386
450.232
416.241
461.94
402.433
472.522
393.01
483.247
382.454
496.73
376.933
494.492
378.682
495.412
379.126
496.909
376.127
489.221
386.685
478.072
398.202
467.213
408.909
456.503
417.416
444.579
429.427
432.89
437.215
425.894
451.557
413.078
461.194
405.348
471.959
393.624
485.165
379.652
495.534
378.717
494.851
379.711
496.115
376.082
495.231
378.103
490.047
383.812
480.024
395.352
467.948
402.945
462.623
414.775
449.467
423.196
439.468
430.566
430.819
440.837
420.876
452.26
413.745
465.074
399.301
474.623
390.25
484.964
379.789
496.325
373.349
494.995
378.845
496.658
375.82
494.762
378.865
491.009
381.151
484.1
392.145
473.231
400.795
464.372
411.567
452.938
420.38
440.785
426.455
433.619
439.557
421.563
446.623
415.589
459.715
405.706
471.474
393.155
479.647
385.055
490.694
376.195
496.983
375.713
497.606
376.71
496.637
375.517
495.611
381.261
483.953
392.593
472.365
400.672
464.206
411.849
453.731
419.895
441.789
431.872
431.955
441.285
421.555
453.375
410.615
463.411
401.495
476.316
387.574
488.684
376.174
496.74
379.139
496.899
373.02
497.377
375.785
496.823
375.756
488.863
386.94
478.501
397.635
466.377
408.932
456.26
417.268
443.768
426.428
435.825
436.844
425.709
448.591
415.512
457.855
407.492
471.402
392.668
480.056
385.138
493.545
375.583
494.665
378.889
497.132
379.063
497.143
375.892
491.534
381.156
483.048
392.082
473.068
400.613
461.117
411.974
453.322
423.238
439.032
431.955
433.204
442.789
419.249
457.548
406.596
465.443
399.885
476.662
386.732
486.479
380.029
