437.751
437.567
443.046
456.026
454.552
455.347
459.056
454.847
451.994
456.632
451.734
452.325
452.652
452.553
454.414
451.883
453.038
451.528
451.905
449.341
453.637
456.83
451.84
458.281
662.025
657.249
663.281
659.572
656.988
660.188
660.067
660.884
663.125
659.927
659.668
660.429
659.811
659.941
662.883
659.471
663.885
660.017
659.944
659.814
662.415
660.601
663.588
657.468
663.315
663.665
660.314
659.7
659.922
663.125
660.291
662.569
659.789
660.065
660.038
661
662.973
660.514
658.751
662.376
660.687
662.49
663.54
653.594
656.145
661.62
659.934
660.92
659.758
659.598
662.605
659.273
659.953
661.041
659.908
659.13
661.927
659.958
660.429
663.67
656.727
662.98
663.494
659.761
663.941
659.596
663.661
663.427
660.731
659.71
659.912
656.681
659.57
663.206
660.202
659.548
663.926
663.868
659.673
663.434
658.205
660.954
659.415
655.824
662.823
658.444
657.237
659.806
659.635
656.631
659.475
652.382
656.234
648.822
659.128
654.408
645.258
652.856
647.905
663.521
652.793
636.913
641.594
645.67
663.236
640.119
637.326
642.386
661.125
638.261
649.308
628.13
663.885
631.997
633.095
635.097
661.178
630.11
637.153
629.809
660.768
635.237
626.705
629.649
658.2
626.814
623.86
661.292
628.268
624.471
628.258
662.217
618.161
622.802
639.42
638.401
625.408
613.364
660.659
620.612
614.525
651.783
625.848
625.889
610.625
663.069
609.845
608.174
661.661
605.896
615.83
650.134
620.948
614.32
625.947
648.569
608.891
605.501
662.548
601.347
604.112
658.594
605.715
608.171
662.62
600.286
606.554
659.253
605.955
600.143
655.602
609.942
602.141
648.424
609.686
605.501
645.183
617.008
603.15
642.219
615.767
596.936
649.209
609.073
594.997
655.543
601.656
600.18
659.91
598.827
592.727
662.746
584.09
589.563
662.072
587.853
588.788
660.963
588.52
602.987
650.11
589.018
621.694
622.23
592.763
646.862
599.296
592.597
661.077
580.183
589.397
660.299
580.758
603.81
638.008
585.801
634.936
605.979
581.538
661.431
576.094
580.628
661.917
581.342
617.511
620.102
577.812
662.391
575.244
578.053
661.827
576.026
615.931
625.314
575.193
659.75
576.324
573.457
661.823
574.583
622.587
613.658
571.332
662.494
568.697
587.168
640.937
575.213
642.741
587.416
569.607
661.598
567.81
618.614
612.794
573.503
663.629
561.116
595.552
633.781
566.881
658.07
573.488
576.536
648.381
573.687
639.165
584.813
564.707
658.951
569.054
626.898
591.695
562.369
661.292
564.797
626.002
597.127
566.805
662.381
559.358
622.676
595.292
561.801
662.158
560.179
625.732
594.661
558.133
661.999
560.816
630.158
590.983
557.58
659.801
560.089
640.705
579.4
568.269
648.245
561.289
651.348
568.448
580.465
639.124
554.168
662.955
553.455
599.649
616.697
554.266
662.734
555.853
618.105
591.631
558.894
659.292
558.698
644.896
572.466
577.265
632.419
557.568
662.823
549.712
608.261
608.452
550.468
662.6
549.475
636.495
575.925
573.638
639.473
546.983
660.118
552.409
612.28
602.027
549.888
659.741
549.477
648.318
561.372
587.011
618.482
553.542
661.33
547.422
629.565
579.094
569.523
639.515
541.715
663.472
546.208
618.271
588.034
562.039
650.832
546.985
662.69
549.741
603.677
598.76
554.612
655.534
546.86
659.584
549.56
603.899
606.293
546.993
662.885
541.537
656.075
554.233
599.936
598.839
554.834
658.121
542.867
660.207
549.62
603.569
602.153
551.03
649.272
541.063
660.412
547.226
610.347
588.049
562.99
643.449
543.136
662.965
537.975
622.457
576.804
573.104
629.96
542.379
662.632
535.25
640.891
561.261
589.315
613.152
539.098
662.869
539.102
659.48
542.368
611.091
583.883
565.828
632.786
543.051
661.9
535.514
637.542
561.248
590.048
609.816
542.915
656.468
537.904
663.82
535.578
618.781
579.85
568.839
621.633
540.283
662.496
535.229
652.889
545.249
607.903
587.826
562.656
635.868
531.611
662.376
535.745
644.698
553.284
598.666
592.096
558.065
636.74
539.329
662.417
527.546
644.12
553.296
601.069
594.26
554.812
640.268
530.835
663.252
531.758
644.238
549.676
604.155
590.563
558.739
633.214
531.35
659.473
535.226
653.1
546.246
607.398
580.284
569.789
623.857
532.982
660.031
531.166
663.451
530.729
622.292
568.791
582.874
612.905
539.457
652.216
531.671
662.238
528.017
637.505
553.414
596.693
590.896
558.653
636.269
528.51
663.144
528.213
655.898
534.624
619.216
572.056
577.696
606.819
546.825
650.81
520.586
662.97
530.925
644.872
545.913
607.841
579.335
571.102
619.754
531.212
656.642
526.007
662.253
528.84
635.653
549.999
605.831
585.424
563.255
623.003
531.289
661.908
524.689
662.825
522.3
637.235
553.762
599.685
584.108
565.898
624.029
528.294
659.296
522.824
659.548
527.578
639.805
549.786
603.127
576.519
574.213
615.84
531.507
648.323
522.65
663.125
523.419
651.989
534.714
618.428
564.739
584.728
601.9
551.54
635.196
520.76
662.178
519.506
663.127
523.218
633.731
553.206
601.098
582.922
565.403
614.267
539.464
650.501
525.005
662.574
514.821
656.51
530.603
623.063
565.535
585.492
598.743
555.063
631.417
520.204
660.533
523.532
662.383
519.926
645.038
541.737
611.113
571.916
577.051
602.354
551.332
635.728
520.364
659.773
518.775
662.828
520.161
640.068
542.119
611.645
571.863
578.707
605.414
546.807
632.975
519.496
662.257
520.801
661.794
514.466
645.577
537.9
615.279
568.834
579.913
595.302
553.905
627.726
524.587
658.659
516.14
662.936
516.722
655.706
527.126
627.473
553.467
596.838
583.76
565.221
614.668
539.317
645.76
517.61
660.156
519.625
659.674
519.67
637.797
545.575
607.502
575.746
577.14
601.743
550.806
631.926
520.025
659.139
520.429
662.224
511.997
654.894
525.047
627.557
552.781
594.432
576.652
572.252
605.165
547.069
635.609
517.053
658.789
519.979
662.211
511.949
657.053
526.961
625.741
553.339
597.315
579.69
570.291
609.724
542.829
633.301
520.815
660.197
512.768
669.302
514.765
652.163
531.483
621.278
552.986
596.552
578.546
571.435
605.141
546.848
628.898
524.114
657.824
516.475
662.342
512.099
659.866
519.82
633.532
545.596
606.474
564.43
584.904
590.464
558.729
615.975
536.035
643.494
513.188
659.036
515.925
660.386
516.058
651.201
526.792
626.481
553.069
599.277
574.884
574.717
600.958
549.968
621.814
532.35
649.807
512.93
661.279
509.177
662.659
511.932
648.62
530.855
623.553
553.583
595.656
576.326
574.051
599.806
552.083
625.027
527.408
652.11
512.321
661.623
512.491
659.826
512.106
648.151
531.012
621.853
552.89
600.494
575.604
573.111
595.224
554.863
620.175
532.632
646.257
509.024
659.052
512
659.968
513.12
659.033
515.98
637.705
538.122
615.492
561.092
588.242
580.396
570.489
604.469
547.601
631.984
519.922
648.067
516.104
658.615
512.195
659.913
512.626
650.837
523.46
629.318
545.159
608.329
564.591
584.352
584.419
566.204
607.881
540.831
632.127
520.849
654.565
508.477
659.948
511.763
661.973
504.987
656.256
517.555
640.626
545.748
605.53
565.19
584.631
586.508
564.004
608.365
544.019
631.543
519.339
648.525
512.563
662.405
509.611
659.637
511.898
656.758
519.714
633.368
542.131
611.123
560.558
589.16
583.04
565.035
598.794
554.363
624.061
528.555
647.076
509.749
658.934
508.428
663.245
513.051
659.388
512.613
641.369
530.859
622.887
553.013
600.088
572.493
577.693
590.508
558.624
610.089
543.838
636.003
517.477
653.742
509.691
659.806
507.332
663.019
509.541
654.599
515.949
637.455
537.796
615.485
553.393
596.316
576.152
577.741
594.437
555.407
612.902
539.785
635.824
516.7
654.933
509.24
662.325
505.457
663.264
509.16
655.164
516.004
637.609
537.844
615.291
553.404
594.857
575.42
575.502
594.096
554.498
610.543
542.566
635.105
518.496
653.532
508.989
663.066
504.854
663.211
504.494
658.608
512.102
640.09
530.608
622.498
552.673
600.127
567.934
580.816
584.448
566.41
605.237
547.302
627.724
524.52
647.052
506.361
661.705
504.704
660.613
508.066
662.653
502.125
651.29
519.946
634.556
541.587
611.287
556.64
592.218
575.247
577.254
594.782
554.935
615.909
536.11
629.33
520.301
650.766
510.469
660.84
505.325
661.091
507.795
661.801
513.28
640.7
530.222
623.645
549.294
600.325
564.698
585.088
578.483
570.844
600.8
550.253
618.264
535.246
636.576
517.393
654.954
508.848
659.553
509.394
662.122
504.975
659.811
512.137
642.335
530.495
620.44
549.634
603.578
564.623
586.12
582.182
566.777
601.521
550.146
621.472
532.098
638.759
514.365
658.534
504.822
659.867
508.885
662.796
504.614
659.284
512.295
640.039
530.659
622.78
548.849
603.513
560.346
588.58
579.12
569.46
597.647
554.356
616.236
535.39
631.74
519.779
648.052
508.585
659.787
504.832
663.107
506.737
661.85
504.224
653.14
519.361
633.67
538.262
615.255
552.847
599.409
568.468
580.886
583.557
567.286
605.012
547.133
621.839
531.359
639.425
514.558
658.724
504.574
659.384
508.136
663.054
504.842
659.405
511.781
640.8
526.701
626.642
545.343
606.203
560.817
588.36
575.191
574.459
590.742
557.8
610.686
543.14
632.117
520.858
646.159
505.554
661.845
505.624
660.099
508.896
662.827
501.122
656.917
519.63
634.626
534.458
617.752
553.682
599.774
567.748
582.323
585.622
561.348
599.494
553.044
619.901
533.81
639.35
512.609
655.648
505.086
658.865
509.295
662.712
500.927
660.314
508.295
649.108
523.552
629.559
538.201
614.67
553.366
597.13
571.846
577.763
583.651
566.045
605.184
547.999
617.641
534.61
636.998
517.758
658.07
498.825
658.935
508.078
663.001
504.738
662.746
503.934
651.711
515.727
637.421
533.847
619.697
548.973
603.191
564.705
584.672
583.066
565.521
595.639
554.745
616.417
535.941
631.279
519.407
644.874
508.824
662.1
505.286
659.552
504.95
662.142
505.059
656.092
512.16
642.548
529.877
623.94
549.675
604.184
560.244
588.486
579.632
570.308
594.079
554.999
613.408
540.039
628.26
525.722
647.455
505.16
659.052
508.778
662.151
501.536
663.243
505.129
655.336
511.974
641.108
530.548
621.882
545.62
607.568
560.56
588.452
575.636
577.746
593.848
555.298
610.147
543.254
625.401
529.635
646.654
506.114
659.669
507.59
662.007
502.446
661.873
500.919
660.657
508.215
645.687
522.865
630.195
542.071
611.963
553.069
597.605
571.612
578.464
586.95
562.799
602.091
550.378
618.119
536.434
634.807
517.857
652.163
505.242
661.659
506.699
662.333
500.41
663.871
501.391
655.044
516.072
636.704
530.784
623.147
544.567
608.732
560.944
588.351
576.075
577.355
590.773
559.604
608.763
543.005
622.222
531.243
639.583
514.792
657.85
501.299
659.639
508.79
662.55
502.487
663.112
501.123
653.769
519.412
633.649
534.883
620.167
553.015
600.05
564.871
584.849
582.779
566.595
598.651
554.429
613.676
540.515
626.352
525.215
640.739
511.63
656.353
507.308
661.115
500.451
668.858
504.332
663.306
501.886
651.8
515.753
637.36
530.273
623.2
545.294
606.02
557.111
593.116
572.049
578.041
587.848
562.261
605.512
549.024
620.706
531.485
633.323
521.023
648.032
510.288
662.881
502.185
659.593
505.236
659.876
509.397
657.475
512.637
640.183
527.578
628.922
545.128
607.447
557.314
593.343
571.926
578.097
587.139
562.807
601.24
551.856
621.365
532.234
633.916
520.54
649.378
508.14
659.302
504.25
660.41
505.972
662.016
501.692
659.236
508.471
645.183
523.332
631.009
542.036
611.311
553.595
595.744
567.787
583.886
582.595
565.755
595.876
555.16
616.767
537.059
632.598
519.455
644.161
510.082
662.269
501.796
662.893
496.819
663.533
509.829
661.577
501.56
652.278
515.449
639.403
530.618
622.735
545.891
608.012
560.686
589.21
572.022
577.872
584.021
566.378
601.646
550.398
614.69
539.674
631.199
522.006
644.226
509.181
660.224
505.329
659.523
510.464
663.031
497.594
660.448
504.668
653.853
519.885
633.163
534.622
619.474
549.28
604.547
560.951
589.855
575.445
577.628
587.552
562.229
599.18
554.634
617.885
536.037
632.598
520.736
649.701
503.296
659.524
509.291
659.111
505.619
659.855
501.081
663.639
501.758
651.452
516.012
638.974
534.472
619.435
549.477
603.675
560.666
589.889
575.925
577.676
590.454
560.655
605.085
546.888
618.779
535.762
635.721
518.762
650.602
501.239
660.98
505.47
661.212
502.373
660.557
504.692
660.325
505.233
652.696
516.14
637.542
530.756
624.232
545.306
607.693
556.989
592.336
572.088
577.48
584.158
565.685
601.271
552.545
616.607
536.185
630.149
523.261
643.396
511.114
662.327
501.731
660.465
505.996
659.864
505.402
663.182
501.492
653.689
515.891
638.746
530.688
621.583
545.859
607.797
556.573
593.838
567.659
580.222
588.96
565.926
597.2
556.244
613.224
538.907
624.98
528.971
637.711
514.543
651.938
504.383
659.466
506.378
662.35
498.029
663.364
501.045
662.664
504.984
647.765
515.927
638.242
530.439
621.838
545.58
608.42
556.264
591.773
568.291
581.531
582.342
567.68
591.299
558.305
608.212
544.169
624.63
527.266
636.981
517.25
653.771
498.05
659.441
504.764
662.18
502.844
662.915
497.434
662.866
501.294
651.522
515.833
636.995
530.347
624.048
545.425
606.472
557.233
593.586
571.612
578.323
587.057
561.942
595.21
554.672
609.616
544.331
627.139
525.522
640.526
511.302
656.611
505.472
660.985
502.129
662.815
504.987
662.135
501.033
656.109
500.69
648.494
523.411
629.478
534.434
618.723
549.222
603.245
560.314
588.622
575.681
574.184
590.126
557.875
605.524
548.009
619.977
531.62
629.463
523.964
646.885
506.844
661.961
501.297
659.714
505.26
662.683
500.577
659.936
504.904
650.774
515.664
637.868
530.76
622.855
545.608
607.8
556.587
592.147
567.736
580.516
582.997
566.726
601.684
550.728
613.366
540.278
628.698
524.655
640.198
513.645
658.123
506.119
662.789
496.794
662.692
502.221
662.233
500.4
657.604
381.305
