2.70813
12.0219
9.11514
7.70142
6.80858
6.10414
5.6892
5.21271
4.97055
4.71876
4.46914
4.32885
4.19426
3.99555
3.90597
3.74605
3.67517
3.59091
3.49071
3.401
3.33106
3.25466
3.21509
3.13647
3.05674
3.01109
2.95962
2.94121
2.87202
2.84751
2.77838
2.78534
2.69473
2.71118
2.64219
2.61994
2.57334
2.54895
2.5364
2.52215
2.44265
2.44918
2.44877
2.39562
2.39135
2.37835
2.32475
2.30205
2.32273
2.25942
2.25965
2.26686
2.21023
2.21613
2.17926
2.17662
2.14157
2.16095
2.12612
2.08667
2.09402
2.07564
2.06781
2.04235
2.06276
2.03011
2.00163
2.01534
2.00488
1.97682
1.97725
1.9707
1.93203
1.94285
1.9412
1.90213
1.91306
1.90514
1.87552
1.8801
1.87607
