0.998728
0.959148
0.926999
0.901468
0.879661
0.861929
0.8467
0.83383
0.822479
0.811622
0.800724
0.791744
0.785022
0.776425
0.77252
0.766725
0.760965
0.755449
0.752607
0.748376
0.745312
0.740706
0.741634
0.737284
0.734255
0.732206
0.728315
0.731188
0.725474
0.724588
0.722219
0.722295
0.72064
0.720078
0.720524
0.718904
0.71726
0.713187
0.71233
0.713815
0.711714
0.711295
0.710841
0.71116
0.711186
0.709168
0.707863
0.708494
0.708744
0.707768
0.706187
0.707099
0.705494
0.705356
0.704592
0.704302
0.705228
0.704367
0.702937
0.703984
0.701744
0.701639
0.701191
0.702268
0.701045
0.702336
0.70201
0.701001
0.700459
0.701201
0.701297
0.700694
0.69924
0.702154
0.70141
0.703287
0.701788
0.701368
0.700761
0.700297
0.701268
0.699731
0.701746
0.699732
0.700253
0.698897
0.699601
0.700523
0.701565
0.700249
0.700384
0.700991
0.700047
0.700021
0.702179
0.698246
0.701003
0.701165
0.700872
0.702303
0.700511
0.699871
0.700223
0.700928
0.699773
0.700192
0.701359
0.701557
0.699039
0.700491
0.699783
0.700341
0.700391
0.700693
0.701886
0.701292
0.701314
0.699692
0.701641
0.700979
0.702103
0.699884
0.700264
0.698577
0.700945
0.700572
0.700491
0.699722
0.699266
0.699683
0.700634
0.700773
0.699458
0.699619
0.699421
0.6989
0.699491
0.699841
0.7009
0.700358
0.701709
0.701009
