0.448052
20.7589
0.010188
0.0105322
0.0105603
0.0119032
0.0121648
0.0126909
0.0132483
0.0145593
0.0155293
0.0160223
0.017138
0.0190455
0.0197101
0.0226038
0.024873
0.0268694
0.0302211
0.0341032
0.0412293
0.0474889
0.0598415
0.0784004
0.114392
0.192891
0.529647
3.66508
0.0702493
0.0944695
0.149182
0.31699
1.96734
0.164114
0.372658
3.65969
0.0688057
0.0952425
0.149013
0.321848
1.98821
0.161348
0.36143
3.31964
0.0786169
0.115787
0.193664
0.542825
3.26818
0.0811168
0.116146
0.205646
0.597728
2.50983
0.115253
0.199213
0.562107
3.02779
0.0894067
0.133381
0.258315
1.13722
0.431066
4.62974
0.0518125
0.0659759
0.0890713
0.135188
0.26149
1.12431
0.438762
5.04949
0.0472907
0.0579826
0.0758232
0.1072
0.177303
0.438785
4.61571
0.0517082
0.0670199
0.0890725
0.136421
0.262764
1.2006
0.383171
4.01597
0.0619347
0.0822494
0.119247
0.216153
0.670935
1.71378
0.203766
0.596344
2.47375
0.117453
0.205271
0.608464
2.32763
0.126633
0.238206
0.874508
0.784336
1.06781
0.491366
4.38822
0.0556462
0.0711085
0.0988806
0.157816
0.348621
3.02425
0.0881707
0.132913
0.262136
1.1452
0.426345
4.43593
0.0556521
0.0707533
0.0959149
0.152859
0.32207
2.54203
0.115292
0.191899
0.528178
3.58103
0.0712302
0.0994826
0.160097
0.349642
2.98142
0.0912656
0.140012
0.274827
1.287
0.338359
