0.235657
0.321965
0.453429
0.630575
0.747319
0.750715
0.749819
0.750301
0.750027
0.750591
0.749395
0.751584
0.752106
0.749153
0.750582
0.749919
0.750062
0.749663
0.750124
0.750353
0.749671
0.750351
0.749823
0.749778
0.749959
0.749998
0.750185
0.74947
0.750517
0.749851
0.749656
0.750631
0.749521
0.750606
0.749397
0.750206
0.750319
0.749522
0.750603
0.749389
0.75018
0.750175
0.749422
0.750659
0.749749
0.750118
0.750445
0.74934
0.749942
0.750333
0.749396
0.750911
0.749123
0.750608
0.749365
0.750419
0.749616
0.750238
0.749579
0.750478
0.749655
0.750073
0.750275
0.749686
0.750237
0.750108
0.749834
0.750037
0.749632
0.750733
0.749633
0.750068
0.750068
0.749632
0.750176
0.749784
0.750164
0.749539
0.750777
0.749326
0.750091
0.750522
0.750002
0.749304
0.750923
0.749035
0.750525
0.749953
0.749824
0.750287
0.750103
0.749951
0.749491
0.750309
0.750298
0.749351
0.750586
0.749591
