0.0740666
0.0776074
0.0816292
0.0860753
0.090687
0.0958412
0.101514
0.107829
0.114594
0.121708
0.13082
0.141138
0.153045
0.166951
0.183242
0.202461
0.225627
0.253759
0.287674
0.330569
0.383728
0.447544
0.524019
0.610174
0.698747
0.777058
0.835098
0.868585
0.8864
0.894767
0.897301
0.899215
0.899679
0.900634
0.899484
0.900733
0.900091
0.900463
0.901671
0.899264
0.899895
0.900618
0.900667
0.900028
0.900494
0.900249
0.899669
0.899747
0.90081
0.900274
0.899986
0.899743
0.900494
0.900261
0.899515
0.900262
0.899802
0.900396
0.900212
0.900607
0.899727
0.89985
0.900442
0.899414
0.900187
0.900035
0.899866
0.900618
0.89946
0.900083
0.899875
0.900284
0.900073
0.899754
0.899872
0.900148
0.900365
0.899611
0.900624
0.899719
0.899321
0.900257
0.899961
0.899251
0.900324
0.899567
0.900136
0.899943
0.900499
0.899872
0.900044
0.899955
0.899788
0.899752
0.899547
0.900519
0.899428
