0.23487
0.361199
0.601978
0.969928
0.842949
0.946636
0.858336
0.938157
0.864239
0.935239
0.865281
0.934896
0.86581
0.933823
0.866076
0.936369
0.867424
0.931698
0.86844
0.931936
0.868368
0.930946
0.869497
0.930497
0.870026
0.929782
0.870025
0.929861
0.870257
0.929559
0.871405
0.928267
0.87123
0.929162
0.870686
0.929221
0.872156
0.926569
0.873934
0.926125
0.873532
0.927107
0.872423
0.927412
0.873049
0.92646
0.874115
0.925804
0.873328
0.926658
0.87273
0.927593
0.87519
0.922638
0.876716
0.923904
0.876642
0.923115
0.876891
0.923282
0.876565
0.922756
0.877135
0.922702
0.877877
0.921476
0.879252
0.919792
0.88009
0.920989
0.877575
0.923138
0.878408
0.919645
0.880941
0.918712
0.880592
0.920231
0.879846
0.919257
0.881419
0.918386
0.881282
0.918459
0.882987
0.915977
0.883675
0.915946
0.884631
0.915271
0.884629
0.915613
0.883276
0.917459
0.8824
0.917682
0.88273
