0.0331258
0.417665
0.532071
0.681421
0.769305
0.917041
0.890344
0.912138
0.866805
0.933352
0.872231
0.925461
0.868166
0.930406
0.889446
0.913307
0.866415
0.930818
0.886828
0.91481
0.887827
0.912883
0.878298
0.919785
0.894195
0.905891
0.856222
0.934056
0.883259
0.926273
0.882625
0.918531
0.834293
0.962274
0.897422
0.907286
0.883869
0.917421
0.886229
0.911576
0.876724
0.923223
0.878472
0.92248
0.888627
0.868794
0.932989
0.910129
0.889072
0.909626
0.88544
0.906901
0.890027
0.915771
0.895921
0.905948
0.895897
0.905909
0.893772
0.905755
0.889855
0.912076
0.891432
0.906395
0.893658
0.906063
0.871394
0.916502
0.888043
0.916275
0.895572
0.911663
0.895221
0.905916
0.892938
0.903463
0.882049
0.91878
0.874648
0.923391
0.89332
0.9073
0.896876
0.894525
0.905081
0.904738
0.895363
0.903886
0.895526
0.906548
0.895864
0.890192
0.897281
0.916514
0.878907
0.910342
0.876335
