0.47639
1.14977
0.634012
1.20465
0.591399
1.23989
0.561487
1.23481
0.565862
1.22921
0.570595
1.22672
0.563149
1.27063
0.54583
1.20206
0.593825
1.21703
0.581293
1.2246
0.576991
1.21813
0.58049
1.22529
0.576413
1.21581
0.582753
1.20982
0.590964
1.21765
0.583214
1.21461
0.579458
1.24205
0.565087
1.21045
0.589903
1.21068
0.586874
1.21854
0.582762
1.2146
0.583678
1.22408
0.576304
1.20966
0.590292
1.22217
0.551493
1.34231
0.492964
1.18551
0.59873
1.25149
0.556834
1.21486
0.58577
1.21288
0.585985
1.21588
0.580813
1.23252
0.572143
1.21083
0.58686
1.21941
0.580528
1.2223
0.562911
1.28024
0.542685
1.18592
0.606078
1.22002
0.580291
1.2189
0.579216
1.22727
0.574262
1.22043
0.57274
1.24889
0.561109
1.20513
0.591266
1.22123
0.580125
1.21323
0.585745
1.21871
0.581897
1.21824
0.580553
1.22067
0.578955
1.2263
0.56447
1.2231
