0.452038
0.899212
0.891614
0.907187
0.894189
0.913456
0.873628
0.9354
0.855344
0.952373
0.850642
0.944701
0.858339
0.934174
0.865255
0.933554
0.876173
0.919166
0.882712
0.917649
0.884068
0.913789
0.87699
0.930829
0.872401
0.924077
0.880549
0.909621
0.896322
0.90668
0.890592
0.907948
0.892039
0.908127
0.893872
0.90485
0.897495
0.901883
0.898083
0.900975
0.900952
0.893895
0.910985
0.888848
0.909205
0.891733
0.910431
0.88438
0.917489
0.88457
0.913637
0.882408
0.917767
0.889932
0.908106
0.890099
0.911281
0.889591
0.911779
0.884539
0.916867
0.882586
0.919836
0.877976
0.922379
0.876229
0.926185
0.870226
0.924749
0.88124
0.916719
0.882714
0.92327
0.873737
0.927983
0.870312
0.931715
0.867867
0.933015
0.866946
0.931777
0.869598
0.929791
0.870118
0.926937
0.875761
0.924198
0.875381
0.92199
0.879292
0.920961
0.879221
0.920518
0.878664
0.920049
0.882291
0.916149
0.884
0.915958
