732.607
733.767
733.341
741.132
733.361
733.69
733.776
734.276
734.068
733.82
733.361
733.935
732.971
733.862
733.339
734.593
724.786
734.175
733.769
734.047
726.542
734.61
733.932
733.428
725.896
733.375
733.24
740.765
734.056
727.144
733.549
732.679
732.817
726.512
726.387
742.021
740.733
732.678
733.59
732.759
733.946
733.598
733.604
733.764
733.593
732.698
733.168
733.359
726.131
741.222
733.362
727.121
733.2
733.836
726.275
726.273
734.051
741.446
741.609
733.828
733.8
733.218
726.073
726.939
733.592
727.104
732.521
733.42
732.789
733.448
732.056
741.582
732.779
741.409
741.424
733.741
733.459
726.355
724.855
741.314
725.328
733.929
725.936
733.073
740.862
734.328
724.409
734.63
731.923
741.999
724.914
734.068
723.752
734.145
732.774
733.64
731.759
734.213
732.005
732.939
732.98
731.845
734.147
723.738
741.464
724.135
741.629
723.375
742.009
723.917
734.132
731.181
733.469
732.588
725.464
726.549
732.659
724.008
740.335
724.307
732.079
725.45
732.471
733.364
726.039
724.749
731.721
733.614
724.634
733.055
732.922
732.815
732.902
725.858
726.419
732.539
732.334
724.352
733.037
731.266
733.783
725.562
725.893
733.327
733.18
733.32
732.071
733.113
723.024
733.297
723.35
732.061
732.38
724.303
740.578
724.839
733.695
723.243
740.437
722.474
732.758
730.919
723.508
733.96
722.993
732.574
733.315
731.12
731.661
725.622
732.309
723.893
732.81
724.739
733.174
724.99
732.001
731.15
725.338
724.613
723.977
732.793
724.429
724.736
723.601
724.92
725.671
732.926
724.415
732.573
724.248
731.978
740.613
723.372
732.549
733.123
722.692
740.438
723.066
731.801
731.487
731.78
731.4
731.682
724.156
724.63
724.744
724.003
731.751
723.867
732.864
730.857
723.321
732.697
732.527
731.414
725.082
724.322
731.762
725.206
724.702
730.818
732.749
740.435
733.201
731.881
731.276
724.343
732.948
724.574
732.056
723.725
732.77
725.181
732.55
732.019
724.696
733.893
732.567
723.278
732.205
722.772
731.941
724.538
724.513
732.536
723.97
732.264
731.968
725.765
724.802
733.424
739.804
733.116
724.776
733.566
726.028
733.384
726.083
733.317
724.681
733.576
724.627
733.185
729.456
740.086
724.208
740.198
732.016
724.893
724.526
732.383
732.383
731.575
731.403
731.935
733.266
733.919
733.273
724.715
731.998
732.058
724.752
732
732.099
725.675
733.39
732.974
731.434
724.706
739.336
731.949
734.006
731.962
732.377
724.991
724.333
724.364
724.928
732.714
732.766
724.9
731.091
740.189
724.377
724.751
724.85
730.993
732.507
724.576
732.532
731.987
740.86
731.971
732.397
731.215
732.554
732.816
732.156
732.978
725.518
733.021
731.416
724.973
726.295
732
725.703
732.588
726.145
732.084
724.15
733.921
724.72
732.111
731.242
732.186
732.216
722.695
733.971
731.611
723.276
741.4
730.948
733.497
732.846
724.194
731.249
733.013
732.391
723.928
733.244
732.142
723.3
726.107
740.273
722.959
732.188
731.961
723.65
724.778
724.443
725.616
731.142
723.931
725.029
725.397
740.92
724.1
732.113
732.055
724.637
733.639
731.483
732.467
726.426
723.681
734.512
724.271
724.809
725.807
724.072
733.71
724.467
731.869
732.068
723.475
732.57
724.56
725.426
731.656
733.508
723.487
731.339
724.495
731.479
732.466
724.907
725.965
732.826
732.995
739.73
726.742
731.687
732.366
731.095
732.451
732.189
731.893
726.034
731.783
725.751
724.849
733.515
724.059
725.617
732.314
723.962
732.469
725.552
724.364
733.069
723.637
741.244
724.072
734.174
725.021
725.985
732.491
724.002
730.385
732.511
731.912
733.576
731.611
725.404
731.743
724.195
731.473
739.682
731.153
723.949
731.667
724.701
724.9
732.051
731.538
732.694
725.104
731.639
725.425
732.087
724.679
732.262
723.652
723.38
724.208
733.487
732.923
733.393
733.088
732.019
731.61
732.494
723.55
731.917
732.742
725.367
732.57
724.429
732.707
724.036
723.805
731.358
740.186
732.49
731.912
731.666
731.586
740.084
724.913
724.33
732.109
730.87
739.409
731.546
731.593
739.433
724.24
732.874
732.089
724.642
724.233
732.328
723.952
733.839
739.956
722.767
732.539
732.367
725.16
723.485
732.622
731.666
731.757
733.494
730.918
731.888
731.556
724.184
733.298
731.257
731.906
731.138
739.654
731.823
731.768
732.643
731.92
732.06
724.817
740.94
732.127
731.398
731.728
732.605
731.9
731.87
732.005
733.321
732.226
725.339
725.817
724.163
732.345
723.968
725.175
725.548
731.945
724.545
725.65
733.635
724.261
733.409
731.564
723.498
724.784
724.695
732.276
723.548
731.901
725.384
730.878
740.22
725.561
723.566
724.895
725.163
732.605
731.867
725.216
732.772
731.497
724.005
731.532
732.595
723.42
732.309
732.416
722.958
733.632
731.249
724.554
732.249
739.193
732.264
739.295
724.351
731.975
739.615
732.936
739.402
731.56
733.486
731.989
722.561
726.438
739.856
724.058
725.214
725.047
731.542
733.317
732.178
724.45
725.805
723.624
732.158
725.226
731.191
724.082
725.375
723.544
724.68
731.993
732.211
732.502
723.549
734.157
731.224
725.089
725.327
724.522
739.82
725.063
732.152
731.964
726.092
731.541
724.889
733.109
723.98
731.667
725.361
731.605
732.582
732.083
732.185
725.376
723.943
732.903
732.484
724.653
741.224
732.031
723.673
734.197
731.724
723.06
733.747
731.577
724.086
733.646
731.493
724.381
732.773
724.731
724.863
724.567
741.25
731.799
732.361
733.011
731.579
740.025
732.954
731.486
732.027
724.483
732.812
731.721
732.082
725.33
724.724
724.581
732.868
723.799
724.445
732.818
725.784
732.006
731.391
733.426
732.348
732.265
733.396
730.89
725.236
725.016
731.708
739.283
724.906
733.075
723.863
732.185
725.716
724.441
724.384
732.57
724.274
739.064
731.923
738.944
739.881
731.479
733.622
724.067
723.501
732.932
731.75
731.479
732.59
733.76
731.892
732.397
725.938
739.388
731.341
732.795
731.36
724.921
732.947
731.901
730.857
739.502
732.847
731.29
732.473
725.489
725.001
739.84
732.594
725.163
732.243
731.976
724.615
741.445
724.207
740.44
725.959
731.887
731.972
726.281
724.698
722.772
732.161
741.666
723.028
732.958
732.904
725.874
731.55
731.998
723.191
732.037
731.899
732.565
733.887
724.235
732.548
740.429
732.085
732.136
739.682
734.11
723.496
741.484
731.594
732.635
731.992
724.998
732.72
732.247
732.874
731.731
731.657
740.385
731.435
733.043
724.666
732.329
731.463
733.764
739.896
724.111
740.555
731.749
724.647
732.604
733.213
724.662
739.902
723.656
733.794
740.096
731.639
732.607
731.675
724.745
739.879
725.625
732.644
731.514
732.267
734.549
739.621
724.849
733.031
741.207
723.904
725.624
732.84
732.498
731.834
739.644
733.609
739.337
731.75
731.42
733.789
739.104
739.464
733.145
725.4
733.006
732.071
726.153
739.364
739.519
733.102
725.203
732.729
732.818
724.153
735.112
730.637
732.907
740.318
733.496
731.707
740.515
731.784
724.613
724.568
732.532
732.914
731.241
732.706
732.644
733.289
740.349
740.043
732.393
734.88
739.56
723.357
732.627
732.095
723.527
729.927
732.627
725.707
739.099
731.539
732.31
739.378
731.255
725.2
731.958
725.343
732.455
724.972
739.798
723.13
732.157
732.045
732.344
724.913
724.326
739.722
723.873
732.498
731.64
724.715
732.037
725.503
724.407
732.625
723.999
732.523
724.371
724.886
732.249
740.648
730.827
731.646
733.495
730.524
731.814
723.958
726.312
725.947
724.357
724.776
731.517
730.893
732.56
724.185
733.296
723.372
731.972
732.554
725.727
732.267
724.275
732.408
725.042
731.873
731.854
732.082
723.911
723.807
732.231
725.748
733.544
739.044
732.193
732.109
724.643
732.744
724.146
741.401
