0.240723
0.438898
0.484921
0.49108
0.498034
0.503443
0.5213
0.528015
0.544797
0.554756
0.568022
0.573472
0.589601
0.601655
0.616105
0.62512
0.625656
0.645833
0.638913
0.660492
0.660233
0.658477
0.671073
0.677869
0.675939
0.678061
0.680251
0.682601
0.688891
0.693633
0.686042
0.696471
0.684267
0.700242
0.687401
0.689676
0.705206
0.690483
0.692532
0.693014
0.694752
0.70542
0.69671
0.695851
0.695526
0.695508
0.69683
0.696867
0.696577
0.697662
0.695499
0.696554
0.697876
0.699909
0.702529
0.701601
0.701002
0.695419
0.694396
0.694066
0.698528
0.704453
0.70335
0.699114
0.695973
0.696577
0.697772
0.703486
0.703502
0.699846
0.693864
0.695883
0.699706
0.704926
0.703213
0.694859
0.695096
0.698779
0.706186
0.704634
0.694759
0.695945
0.696151
0.706428
0.705278
0.69784
0.695444
0.696448
0.703496
0.705785
0.70079
0.695638
0.696202
0.699974
0.706442
0.704343
0.696684
0.694331
0.695801
0.706269
0.705323
0.695498
0.69556
0.697319
0.706683
0.705171
0.693938
0.695089
0.699101
0.705426
0.702514
0.694364
0.694582
0.704573
0.705112
0.697139
0.695662
0.697325
0.70701
0.704964
0.694342
0.69585
0.700944
0.705997
0.702142
0.693824
0.696248
0.704645
0.706463
0.695863
0.695742
0.697214
0.707185
0.704669
0.693796
0.695358
0.701833
0.706652
0.700205
0.693284
0.695539
0.707095
0.705656
0.696114
0.69554
