0.477896
0.771977
0.719398
0.776436
0.73653
0.754137
0.756858
0.729435
0.778121
0.713971
0.791251
0.721589
0.770941
0.730873
0.768396
0.728455
0.772862
0.731141
0.751871
0.752948
0.756958
0.746103
0.75024
0.75289
0.740452
0.762552
0.731012
0.773111
0.729239
0.76853
0.740027
0.755504
0.746785
0.754329
0.744161
0.754951
0.743669
0.755024
0.739287
0.767216
0.739523
0.752438
0.747341
0.749266
0.753407
0.750309
0.747293
0.751525
0.746896
0.758034
0.743587
0.755714
0.743031
0.754569
0.742274
0.754256
0.75395
0.749021
0.745399
0.748974
0.759722
0.743572
0.751098
0.748582
0.751303
0.741754
0.763172
0.738308
0.759337
0.744983
0.756627
0.741769
0.755661
0.746824
0.756323
0.739631
0.760403
0.740715
0.753306
0.750497
0.754372
0.73968
0.758303
0.752736
0.741098
0.76163
0.735792
0.764308
0.736198
0.763446
0.733717
0.76606
0.737274
0.765087
0.729125
0.764087
0.740211
0.766298
0.731273
0.77165
0.725499
0.775947
0.724495
0.776448
0.723436
0.773567
0.721953
0.782826
0.718479
0.775692
0.727023
0.770728
0.744979
0.737054
0.772241
0.723379
0.77265
0.743145
0.744779
0.760791
0.730568
0.769513
0.742567
0.748159
0.758913
0.733765
0.769967
0.729275
0.773209
0.719639
0.782697
0.725192
0.769195
0.714902
0.778123
0.737805
0.771592
0.721324
0.785513
0.7172
0.778107
0.718158
0.780315
0.734315
0.742383
0.773423
0.722062
