0.452028
1.73974
0.180186
0.373013
1.25788
0.302173
0.910512
0.52606
1.29299
0.28666
0.85103
0.593641
1.1142
0.367449
1.24389
0.303413
0.959287
0.476507
1.39279
0.252605
0.689146
0.871129
0.568352
1.19071
0.330499
1.05674
0.401406
1.3492
0.267384
0.75389
0.744047
0.761753
0.727477
0.795244
0.672404
0.910175
0.526138
1.29059
0.285904
0.86169
0.578796
1.16183
0.336565
1.17378
0.345388
1.05416
0.403453
1.36141
0.261977
0.728685
0.798023
0.673324
0.903582
0.535945
1.24977
0.298568
0.954996
0.480833
1.38931
0.254093
0.691414
0.870351
0.569636
1.18161
0.329573
1.1076
0.371023
1.25888
0.301132
0.90931
0.526523
1.29264
0.286026
0.853813
0.59051
1.12512
0.360114
1.22888
0.311197
0.98046
0.460744
1.38976
0.25328
0.692876
0.867068
0.573129
1.17556
0.337084
1.09365
0.378365
1.29131
0.28554
0.855097
0.585012
1.16142
0.340349
1.1537
0.345262
1.14776
0.349761
1.17619
0.329574
1.13682
0.354247
1.20025
0.323937
1.04638
0.407695
1.38157
0.25567
0.706951
0.827269
0.630711
1.01214
0.432493
1.4113
0.247659
0.654491
0.972686
0.465626
1.3921
0.252886
0.689581
0.871258
0.569268
1.18314
0.333028
1.07904
0.387392
1.32145
0.274722
0.803658
0.683309
0.848906
0.594307
1.12114
0.363679
1.22923
0.310534
0.985866
0.454405
1.40431
0.250133
0.67007
0.913351
0.523501
1.30003
0.282734
