0.3
0.200231
0.11941
0.0747071
0.0851963
0.0766387
0.0836341
0.0773844
0.0831079
0.0777437
0.0830296
0.0778217
0.0830562
0.0779276
0.083001
0.0779123
0.0833677
0.0784812
0.083236
0.078502
0.0832924
0.0785476
0.0831894
0.078614
0.0831885
0.0786924
0.0831598
0.0786635
0.0831426
0.0786812
0.083115
0.0788257
0.0830658
0.0787503
0.0831245
0.0787274
0.0831105
0.0789338
0.0829191
0.0790093
0.082928
0.0789578
0.0830238
0.0788873
0.0829991
0.0789565
0.0829255
0.0790428
0.0829134
0.0789127
0.0829114
0.0788208
0.0829597
0.0792382
0.0826339
0.0791413
0.0827269
0.0792232
0.0826904
0.0792241
0.0827164
0.0792012
0.0826146
0.0791848
0.0825901
0.0792717
0.0824931
0.0793809
0.0823498
0.0793634
0.0825118
0.079148
0.0826188
0.07938
0.0823267
0.0794679
0.0822747
0.0793635
0.0823981
0.0793749
0.0822635
0.0794764
0.0822344
0.0794266
0.0821955
0.0796437
0.0820402
0.0795914
0.0819833
0.0796779
0.0819685
0.0796629
0.0820049
0.0794963
0.0821152
0.0794751
0.0821274
