0.4
0.287306
0.224603
0.176772
0.148357
0.131366
0.133582
0.132326
0.133904
0.129589
0.133925
0.130315
0.133625
0.129486
0.133439
0.132067
0.133797
0.129431
0.133437
0.131725
0.13365
0.132068
0.133742
0.130921
0.133493
0.132739
0.133504
0.127813
0.132241
0.130064
0.13348
0.131221
0.13363
0.125088
0.133184
0.132849
0.133796
0.131699
0.133963
0.132173
0.133678
0.130652
0.133671
0.130873
0.133795
0.132316
0.12826
0.132548
0.133865
0.132444
0.133696
0.131803
0.1327
0.131403
0.133454
0.132923
0.133697
0.133163
0.133932
0.133122
0.13387
0.132551
0.134121
0.133007
0.133839
0.133014
0.133802
0.130084
0.132229
0.130675
0.13279
0.132215
0.133731
0.13311
0.133879
0.132961
0.133411
0.131077
0.133519
0.130223
0.133264
0.132395
0.133344
0.132938
0.132226
0.132887
0.133503
0.1329
0.133405
0.132824
0.133675
0.133137
0.131862
0.131509
0.133655
0.130913
0.132258
