0.25
0.104702
0.190373
0.0991397
0.203634
0.097784
0.214366
0.0982564
0.213096
0.0984869
0.211406
0.09842
0.210483
0.0949436
0.222069
0.100589
0.204196
0.0991777
0.207919
0.0986028
0.20994
0.099148
0.208266
0.0986744
0.210248
0.0992573
0.20758
0.0987648
0.205032
0.0990331
0.207987
0.0993297
0.20724
0.0972939
0.214618
0.0997424
0.206228
0.0998651
0.206428
0.0990255
0.208286
0.0994735
0.207382
0.0988833
0.210041
0.0990137
0.205226
0.0989962
0.209502
0.0899638
0.241674
0.102061
0.199991
0.0966549
0.217216
0.0995102
0.207507
0.0997263
0.207046
0.0993385
0.207687
0.0982057
0.21226
0.0998056
0.206422
0.0990148
0.208574
0.0989949
0.209543
0.0939215
0.224345
0.101786
0.199858
0.0990427
0.208808
0.0991478
0.20853
0.0985006
0.210753
0.0990244
0.208931
0.096681
0.216351
0.100111
0.204771
0.0988752
0.209058
0.0993411
0.206777
0.098988
0.208306
0.0991964
0.208353
0.0987828
0.208772
0.0986539
0.210575
0.0954884
