1.30006
2.21134
17.2805
23.506
27.9434
31.5512
33.9788
35.4702
36.9236
37.9805
38.8546
39.5721
40.2896
40.8798
41.1763
41.7082
42.0248
42.2504
42.581
42.8416
43.174
43.2636
43.5097
43.72
43.7919
44.0198
44.1215
44.188
44.1866
44.3104
44.4884
44.51
44.6841
44.7416
44.775
44.9148
44.97
45.1087
45.1344
45.2038
47.6593
48.1139
46.9765
47.4177
47.9726
48.1792
47.9396
47.4881
47.793
47.8384
47.666
47.8562
48.0371
47.9995
48.1187
48.0809
48.2061
48.2942
47.4345
47.5675
47.6943
47.6136
47.6378
47.7442
47.7382
47.8277
47.7582
47.8472
47.8589
47.7949
47.8635
47.9369
47.9244
47.9795
48.0433
48.0313
48.0354
47.9797
48.0373
48.0402
48.085
48.1253
48.1739
48.1637
48.1649
48.2104
48.2058
48.2052
48.1935
48.2337
48.2642
48.2503
48.2844
48.3203
48.3183
48.3159
48.3137
48.3462
48.3736
48.3594
48.3902
48.4203
48.3808
48.4092
48.4374
48.3988
48.4203
48.4071
48.4339
48.4299
48.3946
48.4203
48.4455
48.4113
48.408
48.4315
47.6368
48.7132
48.372
48.8389
48.7106
48.6248
48.8485
49.018
48.8673
48.9595
49.0348
48.8065
48.7592
48.7188
48.7301
48.6441
48.4839
48.4488
48.453
48.3249
48.3975
48.3156
48.3573
48.3787
48.2855
48.2918
48.3549
48.2677
48.2943
48.3147
48.3777
48.3749
48.2486
48.2935
48.3036
48.2273
48.1803
48.2345
48.1747
48.1847
48.1209
48.1714
48.1655
48.1198
48.1321
48.178
48.1082
48.1303
48.1733
48.1284
48.1322
48.0947
48.1351
48.122
48.0541
48.0567
48.0942
48.0604
48.0545
48.021
48.046
48.023
47.99
47.9935
48.0045
47.9585
47.9616
47.9907
47.966
47.9714
47.944
47.959
47.9433
47.9164
47.9417
47.9498
15.2934
31.7397
36.2085
39.3621
41.2204
42.0289
42.9933
43.8062
44.038
44.6256
45.1368
45.3608
45.5779
45.8877
46.1782
46.4235
46.3944
46.6064
46.7816
46.819
46.9731
47.1232
47.071
47.1193
47.2441
47.1925
47.2946
47.3032
47.4044
47.4308
47.3822
47.4704
47.5452
47.4975
47.5164
47.592
47.5466
47.6087
47.6759
47.6769
47.69
47.6461
47.7064
47.7161
47.7141
47.7684
47.8123
47.7713
47.7797
47.8291
47.7909
47.8346
47.88
47.8434
47.849
47.8117
47.8311
47.8668
47.8337
47.8732
47.9059
47.8984
47.9285
47.9642
47.9602
47.9641
47.9981
47.967
47.9973
47.9676
47.9996
48.002
47.9734
48.0041
48.0066
47.9791
48.0037
50.2081
48.8698
49.2451
49.4828
49.6266
49.6761
49.4191
49.5249
49.38
49.0308
49.0289
48.998
48.8079
48.7829
48.6533
48.6737
48.6466
48.4956
48.4935
48.5342
48.4085
48.4711
48.4745
48.527
48.5133
48.3937
48.3998
48.3858
48.3007
48.2665
48.2757
48.2028
48.2032
48.0988
48.1221
48.1362
48.0767
48.0883
48.1153
48.0601
48.1036
48.1133
48.146
48.1593
48.1018
48.1117
48.1054
48.0595
48.0872
48.0966
48.0552
48.0612
47.9983
48.0118
48.0147
47.9775
47.9862
48.0051
47.9695
47.9729
47.9812
48.0041
48.0069
47.9706
47.9794
48.0062
47.9749
47.9986
48.0069
47.9806
47.9879
47.9715
47.9797
47.9876
47.992
47.9779
48.9821
47.4533
48.2744
47.7536
48.0747
48.1875
47.8544
47.9418
48.1249
47.9029
47.9309
48.1225
47.9522
48.0938
47.9462
48.0906
48.0961
47.9756
48.0748
48.1814
48.1511
48.2366
48.3249
48.2282
48.2269
48.1394
48.2172
48.2865
48.2052
48.2043
48.27
48.1967
48.2527
48.3117
48.2467
48.2488
48.2329
48.2851
48.3235
48.308
48.3054
48.3519
48.2957
48.2936
48.3357
48.3771
48.3727
48.3606
48.3991
48.3943
48.3797
48.3766
48.4121
48.3658
48.3927
48.4176
48.4496
48.4445
48.4402
48.4703
48.4658
48.4245
48.4503
48.4784
48.4391
48.4356
48.4321
48.4587
48.455
48.4188
48.4444
48.4681
48.4336
48.454
48.4774
48.4649
50.0502
47.9982
48.7433
48.6076
48.071
48.3999
48.6615
48.3175
48.5229
48.6918
48.8328
48.6464
48.3266
48.3548
48.4802
48.2177
48.1361
48.1394
48.2478
48.248
48.086
48.118
48.2113
48.0495
48.0141
48.0209
48.0974
48.0405
47.9303
47.9398
48.0084
47.8912
47.8789
47.8289
47.8855
47.8462
47.7739
47.8292
47.8783
47.8368
47.8413
47.8119
47.854
47.8209
47.7812
47.7936
47.831
47.7563
47.7555
47.7227
47.7572
47.7333
47.6916
47.7375
47.769
47.7053
47.7099
47.681
47.7085
47.6887
47.6573
47.6661
47.6897
47.636
47.6435
47.6182
47.6397
47.623
47.5974
47.6032
47.6237
47.5765
47.585
47.5626
48.8931
47.6977
47.1141
47.3449
47.7216
47.1387
47.2881
47.656
47.4047
47.312
47.5201
47.5579
47.6065
47.6108
47.7841
47.9106
47.9071
48.0364
48.0444
47.938
48.0305
48.1303
48.1141
48.1179
48.2034
48.1167
48.1881
48.2603
48.2512
48.2503
48.1754
48.2385
48.288
48.2661
48.323
48.3182
48.2535
48.2513
48.3023
48.2425
48.2824
48.3283
48.3135
48.3108
48.3535
48.3021
48.3001
48.2511
48.2919
48.2894
48.2768
48.3139
48.3425
48.2961
48.3307
48.3647
48.3222
48.3491
48.3808
48.3709
48.3678
48.3984
48.3599
48.3572
48.3202
48.3497
48.3476
48.3121
48.3395
48.3609
48.3833
48.3807
48.4063
48.3727
48.3702
48.3943
48.3848
49.9995
50.1274
49.4163
49.114
48.4879
48.7827
48.996
44.8413
45.4189
45.8998
46.2933
46.4502
46.411
46.6794
46.8088
46.664
46.7537
46.8035
46.8958
46.9069
46.8948
46.9432
47.0134
46.952
47.0329
46.9759
47.0341
47.135
47.1087
47.1151
47.1603
47.2513
47.28
47.2105
47.1896
47.2743
47.2379
47.2297
47.153
47.2311
47.2557
47.1901
47.1879
47.2587
47.325
47.3074
47.2534
47.2723
47.3293
47.2677
47.2742
47.2513
47.2957
47.3129
47.2885
47.3049
47.3417
47.2892
47.314
47.2919
47.3222
47.3422
47.3213
47.3366
47.3285
47.3486
47.3677
47.3484
47.3373
47.3606
47.3405
47.3799
47.3366
47.3626
50.2575
48.0743
47.5529
47.9186
47.6652
47.7588
47.9077
47.4503
47.6076
47.8665
47.7831
47.8402
47.8531
48.0232
48.0339
47.9011
48.0364
48.1488
48.0314
48.1399
48.2396
48.1348
48.1382
48.2258
48.1325
48.2058
48.2822
48.1981
48.1971
48.2639
48.2538
48.3072
48.2358
48.2946
48.2914
48.2256
48.2797
48.273
48.2131
48.2642
48.2617
48.2606
48.3056
48.3494
48.295
48.2885
48.33
48.2791
48.3114
48.3502
48.3391
48.3364
48.3727
48.3285
48.3233
48.3212
48.3547
48.3519
48.3108
48.3428
48.3404
48.3022
48.333
48.3282
48.2917
48.321
48.3187
48.309
48.3304
48.3577
48.3503
48.3483
48.3744
48.3415
48.366
48.3908
48.3594
48.3574
48.3549
50.2579
49.2334
48.1389
48.651
48.9665
48.4618
48.4191
48.1071
48.34
48.5009
48.4306
48.412
48.5538
48.6763
48.5418
48.3159
48.3494
48.4504
48.2367
48.1991
48.105
48.1755
48.193
48.1185
48.1253
48.0684
48.0872
48.1043
48.0328
47.9807
48.0139
48.0841
48.0901
47.9784
47.9834
48.0463
47.9837
47.9447
47.885
47.9429
47.9721
47.8835
47.9057
47.8613
47.8794
47.8545
47.8135
47.8159
47.7955
47.8303
47.8516
47.8081
47.7882
47.828
47.8302
47.8517
47.7917
47.8076
47.8491
47.7948
47.7778
47.7588
47.7984
47.8103
47.7727
47.7901
47.7911
47.8024
47.8022
47.7758
47.7675
47.7784
50.2518
49.2247
47.7641
47.966
48.01
47.6693
47.8832
47.9689
47.7693
47.8226
47.9738
47.6699
47.7421
47.9205
47.8026
47.8264
47.7153
47.8537
47.9638
47.8601
47.9737
47.9836
47.8949
47.9889
48.0786
47.9963
47.9973
48.0771
48.0032
48.0106
48.0825
48.0153
48.0151
48.0798
48.0766
48.128
48.1216
48.1779
48.1783
48.1229
48.1746
48.1754
48.1216
48.1225
48.1694
48.1197
48.1608
48.2046
48.1585
48.1556
48.1966
48.1539
48.1546
48.1132
48.151
48.1818
48.1753
48.2113
48.2115
48.1737
48.2072
48.2403
48.2043
48.2043
48.2357
48.2007
48.2008
48.2306
48.1973
48.1952
48.2234
48.2195
48.2421
48.2645
48.2909
48.2896
48.2587
50.2605
49.2524
48.1475
48.1658
48.5869
48.1563
48.1641
47.8867
48.1488
48.3567
48.1348
48.2945
48.4402
48.5682
48.5406
48.4504
48.3396
48.4436
48.3396
48.2718
48.1038
48.2036
48.2369
48.0881
48.0504
48.1358
48.0592
47.997
47.9094
47.9876
48.0446
47.9269
47.94
47.9482
47.9906
48.0007
47.9602
47.9678
47.9959
47.9057
47.9301
47.8841
47.9016
47.8815
47.8522
47.9001
47.9142
47.9442
47.963
47.9171
47.9286
47.9638
47.926
47.9171
47.8544
47.8947
47.9112
47.8593
47.8398
47.8805
47.859
47.871
47.8161
47.8549
47.8924
47.8441
47.8343
47.8397
47.8685
47.8494
47.8171
47.823
47.8459
47.799
48.5995
47.3138
48.0064
47.6285
45.0934
45.8719
46.2089
46.0061
46.2695
46.6658
46.5595
46.5634
46.7915
46.7739
46.8727
47.08
47.1316
47.2823
47.2132
47.3662
47.4063
47.3393
47.4661
47.4972
47.4354
47.5427
47.6431
47.5824
47.5967
47.6846
47.6282
47.6465
47.7248
47.6709
47.7334
47.7355
47.8032
47.8142
47.7637
47.8261
47.8357
47.791
47.8484
47.8564
47.8139
47.8226
47.8739
47.8339
47.8414
47.8895
47.8508
47.8929
47.9372
47.9002
47.9052
47.8698
47.9111
47.9134
47.88
47.9197
47.9243
47.8923
47.9297
47.9345
47.9037
47.9083
47.9431
47.9128
47.9439
47.9768
47.948
47.9512
47.9819
47.9815
48.0091
47.9818
48.0111
48.0134
45.9332
48.0955
48.8078
48.085
48.1074
48.4648
48.1085
48.1206
47.8779
48.1128
48.1022
47.9226
48.0953
48.2482
48.0933
47.9934
47.8234
47.9599
47.9958
47.816
47.7711
47.8861
47.829
47.8609
47.7415
47.8392
47.8712
47.7558
47.7125
47.7974
47.7375
47.7725
47.671
47.7408
47.773
47.7048
47.6719
47.7297
47.6965
47.6927
47.6082
47.6577
47.6806
47.6302
47.6047
47.6482
47.6198
47.6213
47.5522
47.5878
47.6036
47.5718
47.5554
47.5855
47.5675
47.5805
47.5216
47.5471
47.5634
47.5374
47.5226
47.5438
47.5287
47.5405
47.4895
47.5074
47.5281
47.5063
47.4912
47.5065
47.5197
47.5383
47.5026
47.5168
48.1121
47.3303
47.9697
48.1191
47.6028
47.8213
48.1296
45.8217
45.9756
46.0453
46.4268
46.4599
46.2873
46.5664
46.6759
46.6318
46.725
46.9209
46.8696
46.9366
47.0937
47.0392
47.0894
47.2214
47.1694
47.2018
47.2398
47.3473
47.3774
47.3256
47.4196
47.4433
47.4576
47.54
47.5587
47.5142
47.5332
47.6046
47.562
47.578
47.6429
47.6025
47.6166
47.6762
47.6374
47.6928
47.6555
47.7094
47.7193
47.6839
47.734
47.7426
47.7084
47.7553
47.8005
47.7677
47.7756
47.8183
47.7865
47.7938
47.8338
47.803
47.8389
47.847
47.8843
47.89
47.8711
47.9067
47.9202
47.8928
47.9261
47.93
47.9031
47.9077
47.9392
47.9132
47.9266
50.262
48.2027
48.2082
48.7101
49.0195
48.8863
48.4707
48.6991
48.8767
48.8818
48.8811
48.9952
48.7538
48.7153
48.5317
48.6407
48.5962
48.3908
48.4102
48.5044
48.3724
48.3107
48.2448
48.3287
48.2718
48.1489
48.1781
48.2539
48.136
48.1293
48.0777
48.1294
48.0805
48.0271
48.0361
48.0724
47.9783
48.0144
48.0378
48.0618
48.0423
48.0096
48.0614
48.073
48.0216
48.0434
48.0843
48.0944
48.0969
48.057
48.0852
48.0946
48.066
48.0719
48.0903
48.1044
48.1262
48.1011
48.1103
48.1304
48.1113
48.1133
48.1208
48.0871
48.1034
48.0662
48.0736
48.0785
48.0529
48.0393
48.0492
48.0254
48.0327
47.9929
48.0089
48.9156
47.5307
47.4188
47.9279
47.6933
47.7664
47.8839
47.6332
47.7834
47.5846
47.6724
47.6982
47.5779
47.7332
47.6661
47.5664
47.6167
47.7655
47.6931
47.7263
47.8479
47.856
47.9024
47.8261
47.9242
47.9471
47.8983
47.9828
47.9943
47.9259
47.9352
48.0073
47.9453
47.9531
48.0194
47.9615
47.9735
47.9386
47.9984
48.0079
47.9591
48.0146
48.031
47.9985
48.0055
48.0553
48.0247
48.0325
48.078
48.0353
48.0389
48.0422
48.0838
48.0857
48.0468
48.087
48.1013
48.0653
48.1018
48.1381
48.1078
48.12
48.154
48.1216
48.1336
48.1658
48.1357
48.1371
48.1056
48.1364
48.1372
48.0685
48.099
48.105
48.0788
48.0806
48.1089
45.954
47.2266
48.2538
48.763
48.795
48.3522
48.6297
48.6236
48.3369
48.3238
48.5008
48.2876
48.2821
48.149
48.2898
48.3032
48.1627
48.1404
48.1632
48.0859
48.1294
48.0125
48.041
48.0773
47.9981
47.9525
47.9915
47.9429
47.9578
47.9107
47.9584
47.9936
47.9326
47.8975
47.9465
47.9096
47.9123
47.8998
47.9556
47.9837
47.9186
47.9351
47.9904
47.9626
47.9563
47.9756
48.0244
48.0317
47.9568
47.9811
48.0261
47.9894
47.9648
47.9937
48.0355
48.0434
47.9893
48.0217
48.0598
48.0152
48.0015
48.0371
48.0143
48.0024
47.95
47.9856
47.999
47.9605
47.9518
47.9849
47.963
47.9428
47.9113
47.9435
48.7197
46.555
47.0715
47.8698
47.4477
47.3132
47.6411
47.687
47.7456
47.4753
47.6811
47.8022
47.6399
47.7087
47.8418
47.7674
47.7738
47.8185
47.7237
47.7838
47.8381
47.9481
47.9589
47.8761
47.9714
47.9815
47.9057
47.9243
48.0063
47.9614
47.9745
48.0462
47.9882
47.9963
48.0596
48.0575
48.0639
48.0275
48.0858
48.1057
48.0579
48.1103
48.1137
48.0642
48.0673
48.1151
48.0705
48.0878
48.1322
48.0924
48.0947
48.0531
48.0955
48.1109
48.0834
48.1222
48.1261
48.1007
48.1034
48.1393
48.1035
48.1052
48.1396
48.1057
48.1137
48.1252
48.1574
48.161
48.1291
48.1598
48.161
48.1393
48.1689
48.1976
48.1771
48.1799
48.2071
45.9267
47.0683
48.1156
48.6534
48.5668
48.1637
48.4639
48.6897
48.3805
48.398
48.571
48.4055
48.3995
48.2761
48.4102
48.4321
48.3281
48.3261
48.4285
48.3039
48.2623
48.0966
48.1851
48.2153
48.0926
48.0455
48.1287
48.0744
48.0387
48.0231
48.0972
48.1271
48.0322
48.0607
48.1246
48.0819
48.0417
48.0739
48.1298
48.1289
48.0426
48.0542
48.1054
48.0445
48.0218
48.0395
48.0874
48.0872
48.0257
48.045
48.0893
48.0409
48.0216
48.0637
48.1036
48.0813
48.0223
48.0615
48.0987
48.0379
48.0328
48.0693
48.1019
48.0872
48.0522
48.0861
48.0901
48.0402
48.0523
48.0844
48.0562
48.0408
48.0199
48.0501
47.2577
45.9355
46.9226
47.7666
47.3637
47.3035
47.72
47.7567
47.7182
47.4185
47.6728
47.773
47.6198
47.6888
47.8517
47.7686
47.7535
47.7986
47.7068
47.7392
47.7241
47.7635
47.8123
47.7666
47.8663
47.8875
47.8155
47.8411
47.9259
47.8835
47.9176
47.9921
47.9497
47.9624
48.0271
48.0263
48.031
47.9761
48.0347
48.0388
47.9925
48.0475
48.0659
48.0198
48.0241
48.0729
48.028
48.0426
48.0885
48.0602
48.0762
48.0401
48.0821
48.0843
48.045
48.0846
48.087
48.0504
48.0589
48.0962
48.0715
48.075
48.1099
48.0758
48.0779
48.0833
48.1163
48.1282
48.107
48.1379
48.1398
48.1093
48.138
48.1666
48.137
48.1379
48.166
46.6073
47.7522
47.9348
48.5179
48.4564
48.0393
48.3523
48.593
48.3291
48.3686
48.5441
48.3811
48.379
48.206
48.343
48.3367
48.2055
48.2432
48.3502
48.2566
48.2605
48.1548
48.2464
48.2541
47.551
47.5514
47.653
47.6172
47.5896
47.5988
47.6846
47.6978
47.6001
47.6295
47.7062
47.6687
47.6564
47.7148
47.78
47.7742
47.6979
47.7581
47.8163
47.7554
47.7399
47.7965
47.801
47.7842
47.7194
47.771
47.8201
47.7593
47.7631
47.8101
47.7902
47.7717
47.7389
47.7824
47.7892
47.7326
47.7513
47.7922
47.7648
47.7498
47.7282
47.7665
47.7588
47.4156
47.4384
47.4793
47.4505
47.4442
47.4335
47.4719
46.7516
45.9842
47.4046
48.1235
47.4433
47.4779
47.8818
47.7285
47.6432
47.7621
47.6311
47.6904
47.6655
47.7473
47.8535
47.7765
47.8473
47.796
47.734
47.8603
47.8301
47.6785
47.7369
47.8425
47.7337
47.7171
47.813
47.7733
47.7967
47.8099
47.8888
47.899
47.8601
47.932
47.9599
47.9083
47.9728
47.9971
47.9459
47.9516
48.0084
47.9657
47.9732
48.0257
47.988
48.0074
48.0555
48.0123
48.0165
48.0203
48.0649
48.0799
48.0522
48.0931
48.102
48.0754
48.1137
48.117
48.0807
48.1162
48.1513
48.1159
48.1199
48.1536
48.1212
48.1223
48.1543
48.1216
48.129
48.16
48.1584
48.1684
48.1398
48.1686
48.1703
48.1503
48.1776
48.1801
45.952
48.0858
48.8245
48.2756
48.3031
48.6289
48.2544
48.2526
48.0766
48.2967
48.3399
48.1976
48.2129
48.3609
48.2314
48.2397
48.1015
48.2218
48.2208
48.1176
48.1565
48.2518
48.1544
48.1571
48.2409
48.3191
48.3248
48.261
48.2718
48.2652
48.2131
48.2085
48.2196
48.1542
48.176
48.1039
48.1168
48.1266
48.0925
48.0894
48.1009
48.0497
48.0693
48.0015
48.0147
48.0369
48.0092
47.9988
48.0142
47.9871
47.9935
47.9298
47.9503
47.9711
47.9468
47.9295
47.9529
47.9296
47.9339
47.8768
47.9046
47.9255
47.8918
47.8814
47.9101
47.8957
47.902
47.8886
47.9186
47.9328
47.8966
47.9067
47.9388
47.926
47.3421
47.9562
47.9551
48.1779
47.556
47.7246
47.8445
47.6893
47.8539
47.9263
47.8044
47.8627
47.971
47.7563
47.8228
47.8884
47.9743
47.9294
47.859
47.979
47.9475
47.7978
47.8372
47.938
47.8292
47.7986
47.8827
47.8465
47.8623
47.7981
47.8775
47.8885
47.8434
47.9154
47.9424
47.8965
47.9246
47.986
47.9366
47.9437
48.0006
47.9519
47.9582
47.9714
48.0231
48.042
47.9997
48.047
48.0494
48.0089
48.0539
48.097
48.0703
48.0763
48.1163
48.0774
48.0796
48.1174
48.0813
48.0839
48.0512
48.0872
48.0977
48.0754
48.1091
48.1128
48.0804
48.0858
48.118
48.0965
48.1004
48.1306
48.104
48.1065
48.1077
48.1361
48.138
46.6149
48.4554
48.6026
48.0239
48.1983
48.5426
48.187
48.1923
47.9674
48.2013
48.2618
48.0861
48.2508
48.3957
48.2294
48.2286
48.3498
48.3317
48.3526
48.2686
48.3647
48.3844
48.3104
48.3124
48.3907
48.296
48.3005
48.237
48.2547
48.2344
48.1823
48.1832
48.1948
48.1126
48.1342
48.1341
48.1467
48.1543
48.1204
48.16
48.1701
48.1303
48.1361
48.158
48.1676
48.1833
48.1496
48.1655
48.1773
48.147
48.1513
48.1609
48.1818
48.1955
48.1589
48.1669
48.1916
48.1706
48.1674
48.1747
48.142
48.1559
48.1096
48.1169
48.1267
48.1061
48.0918
48.1002
48.0771
48.084
48.0423
48.0576
48.0737
48.0542
47.1736
48.2197
47.7032
47.8572
47.9981
48.2416
48.3287
48.0309
48.0903
48.0472
47.9214
47.9309
47.9794
47.7994
47.8743
48.0095
47.8266
47.8618
47.8057
47.9086
47.8785
47.802
47.909
47.9134
47.7732
47.7945
47.8855
47.8024
47.7768
47.8437
47.8081
47.8234
47.7667
47.8406
47.8597
47.827
47.8933
47.9151
47.8824
47.9036
47.9613
47.9158
47.9229
47.9763
47.9314
47.9376
47.946
47.9946
48.0031
47.9627
48.0082
48.0124
47.9785
48.0214
48.0622
48.0311
48.0469
48.0851
48.051
48.0657
48.1016
48.0699
48.072
48.0388
48.0731
48.0752
48.0436
48.0762
48.0782
47.7587
47.7664
47.7968
47.7812
47.7913
47.8247
47.8092
47.8183
50.2927
50.2814
49.708
48.7426
49.0464
48.9067
48.4848
48.4502
48.651
48.3849
48.4334
48.5865
48.5443
48.5684
48.4105
48.5286
48.548
48.4226
48.4492
48.5399
48.4243
48.4135
48.4936
48.3878
48.3811
48.2881
48.3608
48.361
48.3009
48.3652
48.4269
48.3265
48.3003
48.3603
48.3188
48.2855
48.2205
48.2751
48.2916
48.194
48.1886
48.2378
48.183
48.1472
48.1796
48.1757
48.1687
48.0953
48.1337
48.1516
48.1022
48.0848
48.1248
48.0977
48.0942
48.0785
48.1175
48.1314
48.0768
48.0894
48.0992
48.0669
48.0435
48.0618
48.042
48.0469
48.0006
48.0218
48.0347
48.0047
48.013
48.0371
48.0219
48.0243
48.0317
48.0075
48.8786
47.3349
47.7449
47.9876
47.7033
47.604
47.7548
47.5811
47.6681
47.7915
47.8786
47.9658
47.8342
47.8999
47.8858
47.8071
47.8725
47.9113
47.7971
47.8564
47.8927
47.9242
47.94
47.8845
47.955
47.9021
47.8346
47.8529
47.904
47.7847
47.8218
47.7862
47.8619
47.8818
47.8298
47.8978
47.9625
47.9277
47.9482
48.0071
47.9739
47.9839
47.9891
48.0406
48.0442
47.9988
48.0469
48.0511
48.0159
48.0299
48.0745
48.0467
48.0527
48.0928
48.1325
48.1352
48.1085
48.1462
48.1586
48.1227
48.1243
48.1586
48.1239
48.1249
48.1578
48.1897
48.1922
48.1697
48.2001
48.2016
48.1746
48.1781
48.2069
48.1816
48.191
48.2187
46.6412
47.4575
46.9486
47.7748
47.8823
47.6798
48.0446
48.3235
48.0628
48.0988
48.2947
48.1128
48.1702
48.0157
48.1667
48.1932
48.0996
48.2223
48.2584
48.1483
48.1522
48.2486
48.1525
48.1846
48.1908
48.2701
48.2671
48.1847
48.2569
48.267
48.2131
48.2148
48.2564
48.1503
48.1771
48.1986
48.2313
48.1942
48.1619
48.2154
48.2089
48.1301
48.1473
48.1952
48.1208
48.0944
48.0641
48.1105
48.0976
48.0319
48.0763
48.1183
48.0512
48.0495
48.0903
48.0655
48.0437
48.0109
48.0496
48.0621
48.002
48.0002
48.0361
48.0004
47.9839
48.012
48.0123
48.0176
47.9699
47.9985
48.0113
47.9751
47.9635
47.9928
47.9757
47.9759
48.6042
49.4566
49.2392
48.1764
48.2561
48.3246
48.0054
47.963
48.0415
47.8981
47.9923
48.0742
47.8043
47.8799
47.7607
47.8374
47.802
47.7631
47.8966
47.8796
47.7485
47.7746
47.8824
47.7436
47.7343
47.833
47.7907
47.7606
47.6821
47.7699
47.8081
47.7114
47.7536
47.8284
47.7957
47.8129
47.8793
47.8299
47.8577
47.9175
47.874
47.8819
47.8369
47.8929
47.9141
47.873
47.9237
47.9307
47.9034
47.9104
47.957
47.9253
47.9405
47.9844
47.959
47.966
47.9427
47.9828
47.9899
47.9557
47.9935
47.9968
47.9646
47.9687
48.0042
47.9751
47.9888
48.0222
47.9931
47.9989
48.0312
48.0314
48.0435
48.0201
48.0501
48.0582
48.0311
50.2627
49.2537
48.1462
48.2234
48.6306
48.2019
48.2462
48.3249
48.5394
48.5159
48.2823
48.4503
48.4822
48.349
48.3789
48.497
48.3573
48.349
48.45
48.5402
48.5246
48.41
48.4918
48.5097
48.4356
48.4291
48.4979
48.42
48.4179
48.4804
48.4146
48.4303
48.3757
48.4312
48.432
48.3209
48.2943
48.3466
48.2866
48.2458
48.2714
48.2661
48.2795
48.1994
48.2283
48.2528
48.2032
48.1785
48.2107
48.1885
48.1937
48.201
48.2324
48.2448
48.1941
48.2007
48.2022
48.1748
48.1624
48.1693
48.1436
48.1498
48.1436
48.1517
48.1632
47.9694
47.978
47.9636
47.9445
47.9522
47.9635
47.9251
47.9387
47.9139
47.9225
47.9198
46.686
48.409
48.4629
47.7318
47.9761
48.3571
47.7933
47.8263
47.9529
48.1705
48.0826
47.8884
48.0709
48.0687
47.8227
47.8712
48.0142
47.9315
47.8695
47.9564
47.8929
47.8959
47.7689
47.8492
47.8968
47.8127
47.8421
47.861
47.8278
47.8312
47.8548
47.7928
47.8254
47.8818
47.7884
47.8109
47.7803
47.8454
47.8578
47.8097
47.87
47.8881
47.859
47.8714
47.9244
47.881
47.8959
47.9452
47.908
47.9152
47.8898
47.9361
47.954
47.9183
47.9615
47.9724
47.9399
47.9442
47.9839
47.9565
47.9724
48.0093
47.9803
47.9842
48.0185
48.018
48.0212
47.9935
48.0267
48.0366
48.0164
48.0477
48.0524
48.033
48.0377
48.0671
48.0394
48.3575
49.3307
48.4165
48.4516
48.089
48.4498
48.4336
48.108
48.167
48.3766
48.1866
48.2279
48.3843
48.2186
48.2628
48.1315
48.2572
48.2558
48.155
48.1683
48.2692
48.1852
48.2173
48.3023
48.2156
48.218
48.1584
48.2347
48.2575
48.1837
48.2507
48.2513
48.1811
48.1823
48.242
48.1784
48.1827
48.1867
48.1965
48.2014
48.1664
48.1999
48.2087
48.1627
48.1822
48.2132
48.1437
48.1496
48.1095
48.1386
48.1071
48.0679
48.071
48.1009
48.0374
48.044
48.0834
48.0737
48.0619
48.0365
48.0736
48.0794
48.0315
48.0403
48.075
48.0476
48.0285
48.0507
48.0827
48.0812
48.0272
48.0479
48.0564
48.0247
48.0129
48.0336
47.0988
47.8624
46.9515
47.5858
47.9403
47.7093
47.8309
48.0344
47.8934
47.9139
47.9725
47.7412
47.8302
47.6941
47.7517
47.7308
47.6685
47.7171
47.762
47.6528
47.7178
47.8311
47.706
47.7136
47.6785
47.7724
47.7492
47.6679
47.7099
47.795
47.6864
47.6712
47.7082
47.7807
47.7459
47.6769
47.7478
47.7779
47.7344
47.763
47.8239
47.7871
47.8123
47.8673
47.9215
47.9424
47.903
47.9524
47.959
47.9189
47.9243
47.9695
47.9316
47.9389
47.9818
47.9821
47.9883
47.9646
48.0038
48.0161
47.9938
48.0054
48.0417
48.0191
48.0233
48.0571
48.0258
48.0288
47.9987
48.0309
48.0334
48.006
48.0373
48.0674
48.0406
48.0524
50.2982
48.4671
48.6036
48.1225
48.5485
48.5
48.1379
48.4017
48.3855
48.1418
48.1504
48.3268
48.1434
48.1542
48.2059
48.3348
48.357
48.2617
48.3684
48.3965
48.3146
48.328
48.4117
48.3097
48.3062
48.3815
48.293
48.2894
48.2095
48.278
48.2761
48.2058
48.2266
48.2862
48.2291
48.2474
48.3029
48.2568
48.2433
48.1633
48.2157
48.2318
48.1488
48.1374
48.1846
48.1383
48.1055
48.1298
48.1739
48.1861
48.1149
48.1403
48.1543
48.1211
48.1073
48.138
48.1166
48.1196
48.1279
48.1603
48.1751
48.1379
48.1448
48.1554
48.126
48.1121
48.1197
48.1016
48.1149
48.0998
48.1102
48.1217
48.1026
48.1112
48.1238
48.1101
48.9025
48.732
47.6087
47.9359
47.5492
47.7204
47.7457
47.9037
48.1374
48.1815
47.9877
48.0622
48.1855
47.9178
47.9826
47.9043
47.9894
47.9466
47.88
47.9037
47.9648
47.8255
47.8716
47.9715
47.9218
47.8914
47.8566
47.9424
47.9038
47.8198
47.8556
47.932
47.8405
47.8459
47.8781
47.9371
47.9032
47.8511
47.9132
47.9257
47.8945
47.9037
47.9587
47.9131
47.923
47.9301
47.9804
48.0001
47.9729
48.0187
48.0237
47.9911
48.0048
48.0473
48.0219
48.0272
48.067
48.0357
48.0445
48.0211
48.0578
48.0625
48.0293
48.0322
48.0671
48.0451
48.0583
48.0905
48.0601
48.0642
48.0392
48.0706
48.082
48.0549
48.0838
48.1127
46.1834
47.5344
48.4397
48.4209
48.3777
48.0013
48.3298
48.4046
48.2115
48.4172
48.4093
48.2046
48.2245
48.3722
48.2564
48.2634
48.2589
48.3709
48.3733
48.2872
48.3808
48.3817
48.2767
48.2754
48.3565
48.2892
48.3132
48.383
48.3696
48.3653
48.3001
48.3627
48.3795
48.3121
48.31
48.3642
48.3007
48.3173
48.3672
48.3128
48.2718
48.211
48.2596
48.2727
48.1902
48.1976
48.2422
48.2039
48.1757
48.2086
48.2055
48.2065
48.1378
48.1715
48.1838
48.1331
48.1101
48.145
48.1186
48.1063
48.0946
48.1306
48.1453
48.104
48.1139
48.1267
48.1054
48.0889
48.1026
48.0842
48.0961
48.0785
48.0948
48.105
48.0774
48.0841
49.5462
48.1597
48.2471
48.3372
47.904
48.0939
47.7612
47.8632
47.9432
47.8119
47.829
47.8908
47.794
47.8748
47.9594
47.7388
47.8052
47.7066
47.769
47.7376
47.6923
47.7312
47.7752
47.6731
47.7301
47.8287
47.8563
47.8558
47.8127
47.8895
47.8666
47.8026
47.8369
47.9005
47.8001
47.8184
47.7695
47.8148
47.785
47.7612
47.8228
47.881
47.8391
47.8535
47.9078
47.8809
47.9031
47.9233
47.9717
47.986
47.9462
47.9908
47.995
47.9571
47.9618
48.0031
47.9673
47.9756
48.0149
48.0523
48.0577
48.0273
48.0633
48.077
48.0544
48.0643
48.0976
48.0763
48.0805
48.1119
48.0821
48.0836
48.0546
48.0843
48.086
48.0611
48.8826
49.5719
48.4195
48.4879
48.8498
48.4827
48.5426
48.2829
48.5036
48.4836
48.284
48.4521
48.4819
48.308
48.3019
48.4247
48.2786
48.2863
48.3169
48.4142
48.4122
48.3098
48.3967
48.4188
48.3405
48.3633
48.4337
48.3491
48.3449
48.4092
48.469
48.4615
48.3862
48.4414
48.4356
48.3788
48.394
48.4429
48.3801
48.3932
48.4398
48.3907
48.3567
48.3146
48.3582
48.3466
48.2664
48.2779
48.319
48.273
48.2443
48.2789
48.3165
48.3019
48.2367
48.2719
48.2836
48.2383
48.2251
48.2603
48.2365
48.2211
48.2054
48.2385
48.2506
48.2083
48.2163
48.2268
48.2037
48.1831
48.1947
48.1734
48.1764
48.1258
48.1399
48.1503
46.6381
47.6081
48.1591
47.7814
47.8741
47.9948
47.6731
47.8388
47.6748
47.7653
47.8068
47.7054
47.7079
47.7699
47.6508
47.6959
47.8111
47.8562
47.9228
47.8653
47.9384
47.8789
47.8174
47.8376
47.8949
47.7807
47.8404
47.8776
47.9196
47.8962
47.8606
47.9369
47.9244
47.8342
47.8642
47.9308
47.8423
47.8355
47.8088
47.8709
47.8549
47.3784
47.4146
47.4802
47.4619
47.4821
47.5409
47.5077
47.5264
47.5081
47.5621
47.5815
47.5635
47.6128
47.6611
47.6324
47.655
47.7003
47.68
47.6895
47.6651
47.7071
47.7173
47.7009
47.7405
47.749
47.7221
47.7392
47.7763
47.7599
47.7677
47.8019
47.8358
47.845
47.8289
47.8608
48.3733
47.1908
47.7701
48.4053
48.0563
48.1176
48.4247
48.1165
48.1456
48.3618
48.5377
48.5632
48.3701
48.505
48.4843
48.342
48.457
48.5578
48.4284
48.4175
48.5057
48.3916
48.4151
48.4921
48.4049
48.4247
48.3431
48.4129
48.4288
48.3703
48.4311
48.4281
48.3519
48.3542
48.4101
48.3614
48.3622
48.4123
48.349
48.3456
48.3915
48.4365
48.4428
48.4013
48.4433
48.417
48.3525
48.3709
48.4094
48.3302
48.3118
48.3501
48.321
48.3
48.2927
48.3279
48.3262
48.2573
48.276
48.2864
48.2506
48.2337
48.254
48.229
48.2339
48.2392
48.2234
48.2337
48.1991
48.2045
48.204
48.1819
48.205
48.21
48.1805
48.1828
48.203
44.2337
46.3278
46.4394
47.2101
47.2011
47.102
47.2833
47.5201
47.2359
47.4
47.3341
47.4569
47.4416
47.4075
47.4717
47.5396
47.4059
47.4908
47.5551
47.6057
47.6376
47.6016
47.6901
47.7266
47.6722
47.7245
47.7848
47.8131
47.85
47.8103
47.8484
47.8765
47.8394
47.8561
47.8786
47.7944
47.8265
47.795
47.8158
47.8251
47.7989
47.8027
47.8208
47.779
47.8068
47.7808
47.8335
47.8433
47.8121
47.8303
47.8778
47.8423
47.8518
47.8707
47.9148
47.9327
47.9069
47.9475
47.9868
47.9532
47.9609
47.9986
47.9767
47.9907
47.9612
47.9961
47.9995
47.9704
47.9758
48.0085
47.9813
47.9938
48.0067
48.0374
48.3758
47.166
48.1984
48.2177
47.79
47.9511
48.287
48.0766
48.1075
48.3234
48.107
48.1173
47.9513
48.1194
48.1712
48.0528
48.1846
48.2226
48.1205
48.1616
48.2616
48.161
48.1624
48.2513
48.2686
48.2923
48.3651
48.2846
48.2828
48.2053
48.2723
48.2744
48.2243
48.2849
48.2974
48.2518
48.2685
48.3208
48.2635
48.2671
48.3162
48.3143
48.3174
48.2802
48.3243
48.3249
48.2749
48.3165
48.29
48.2232
48.2426
48.2822
48.2323
48.2146
48.2531
48.2288
48.2114
48.1535
48.1904
48.2043
48.1541
48.1613
48.1753
48.1521
48.1392
48.1457
48.1234
48.1258
48.1411
48.092
48.1092
48.0894
48.1054
48.0933
48.0721
48.1008
48.0933
44.5186
46.6396
47.8626
47.3481
47.3126
47.2092
47.6452
47.6044
47.2577
47.4212
47.6828
47.5038
47.4929
47.6963
47.6464
47.6422
47.4748
47.6314
47.6968
47.5545
47.5333
47.6587
47.6152
47.589
47.6384
47.7404
47.7645
47.6438
47.6923
47.7409
47.71
47.6943
47.734
47.7005
47.7242
47.7099
47.7496
47.7804
47.7387
47.7596
47.7963
47.7683
47.7899
47.8074
47.7538
47.7789
47.7392
47.7922
47.8086
47.7859
47.8352
47.8545
47.8203
47.8271
47.8718
47.8499
47.858
47.8641
47.9048
47.912
47.8917
47.9299
47.9368
47.9055
47.9136
47.9497
47.9295
47.943
47.977
48.0098
48.0143
47.987
48.0186
48.0309
48.0118
48.0145
50.2759
48.1168
48.2105
48.7298
48.3143
48.3292
48.3128
48.5592
48.5391
48.3528
48.5295
48.5601
48.371
48.5025
48.6215
48.483
48.4757
48.5761
48.4434
48.4677
48.5535
48.449
48.4443
48.3496
48.4276
48.4442
48.371
48.4397
48.4549
48.3934
48.3921
48.4509
48.3745
48.3702
48.4246
48.3558
48.359
48.3741
48.4153
48.4076
48.3475
48.393
48.3886
48.3339
48.3775
48.4187
48.3772
48.3762
48.3804
48.34
48.3414
48.3612
48.3652
48.3728
48.3418
48.3585
48.3403
48.313
48.3457
48.359
48.2944
48.31
48.3416
48.2976
48.2824
48.2959
48.3252
48.3046
48.2584
48.2878
48.2984
48.2565
48.2494
48.2771
48.2554
48.2338
48.2461
46.5822
47.3834
46.47
47.2468
47.6446
47.4132
47.4007
47.7241
47.6279
47.6216
47.379
47.6231
47.7278
47.5662
47.5599
47.7294
47.639
47.577
47.4845
47.6254
47.6796
47.5537
47.5855
47.6985
47.6359
47.6049
47.6456
47.739
47.7222
47.6333
47.6922
47.7737
47.1098
47.1312
47.2217
47.3061
47.287
47.2507
47.3288
47.3923
47.3325
47.3622
47.4293
47.4248
47.4079
47.3918
47.4531
47.4788
47.4549
47.4835
47.5387
47.5208
47.5473
47.5209
47.5707
47.5821
47.5564
47.58
47.6255
47.6362
47.6456
47.6655
47.7067
47.7167
47.7006
47.7394
47.7772
47.7515
47.7679
47.8039
47.7876
47.7982
47.7821
47.8157
48.5345
47.5722
48.4562
48.9089
48.314
48.3418
48.6211
48.3741
48.3697
48.5632
48.3877
48.3773
48.2051
48.3557
48.3937
48.2831
48.3998
48.3941
48.2818
48.3143
48.4067
48.2972
48.3003
48.3821
48.2956
48.3189
48.3203
48.39
48.3835
48.3026
48.3666
48.3733
48.3201
48.3781
48.433
48.3829
48.3971
48.4462
48.3872
48.3831
48.4289
48.3713
48.3696
48.3313
48.3745
48.3741
48.3229
48.3632
48.3604
48.3156
48.2943
48.3092
48.2862
48.2999
48.3065
48.2514
48.2634
48.2261
48.2332
48.2134
48.1877
48.2216
48.2049
48.1574
48.1693
48.2009
48.148
48.139
48.1703
48.1681
48.1495
48.1126
48.1426
48.1543
48.1134
48.1242
48.1297
44.592
45.8787
46.9504
47.7865
48.0096
47.4373
47.7232
48.0419
47.8179
47.7522
47.9294
47.8179
47.8253
47.6298
47.788
47.8785
47.7578
47.7158
47.8474
47.7886
47.7897
47.6595
47.7743
47.8195
47.6927
47.6804
47.7775
47.7411
47.7011
47.6175
47.7035
47.7242
47.6413
47.6668
47.7421
47.7044
47.6864
47.6564
47.7241
47.7402
47.6725
47.6938
47.7538
47.6955
47.6851
47.7176
47.7716
47.7825
47.7453
47.7962
47.8446
47.8102
47.8302
47.8753
47.8468
47.8662
47.8443
47.886
47.8972
47.8766
47.8838
47.9222
47.8911
47.9001
47.9152
47.9512
47.9651
47.9385
47.9721
48.0049
47.9762
47.9829
48.0145
47.9963
48.8656
47.5019
48.4301
48.489
48.0037
48.3795
48.3625
48.091
48.1784
48.3891
48.2269
48.2427
48.3976
48.2232
48.2233
48.0975
48.2252
48.2319
48.1501
48.2556
48.2701
48.1949
48.2012
48.2867
48.1924
48.1949
48.2727
48.2151
48.2324
48.3011
48.3644
48.3625
48.2898
48.3486
48.3589
48.3109
48.3634
48.3639
48.3106
48.327
48.3742
48.3202
48.3176
48.3621
48.3098
48.3223
48.2858
48.3276
48.3383
48.2934
48.2985
48.266
48.2284
48.2405
48.2634
48.1964
48.1825
48.2194
48.196
48.1855
48.1326
48.1537
48.1653
48.1324
48.1396
48.1468
48.13
48.1423
48.1598
48.1135
48.1069
48.1185
48.1479
48.1289
48.0842
48.1071
48.1214
46.1733
46.6013
47.3344
47.2655
47.4997
47.402
47.5767
47.7386
47.6449
47.6997
47.7792
47.5655
47.6705
47.7499
47.8032
47.7544
47.7076
47.7766
47.8534
47.6855
47.7003
47.818
47.9164
47.8646
47.7464
47.8422
47.9332
47.8502
47.8282
47.8834
47.9614
47.9778
47.8751
47.8972
47.9667
47.2423
47.2325
47.268
47.2333
47.2743
47.2345
47.2663
47.2593
47.2563
47.2953
47.3267
47.2764
47.3029
47.2909
47.3503
47.3683
47.3455
47.3769
47.4302
47.4454
47.4665
47.4822
47.5301
47.5415
47.5183
47.5637
47.6078
47.5917
47.603
47.6444
47.624
47.6379
47.6562
47.6945
47.712
47.6972
47.7054
47.7404
47.716
48.2131
48.2131
48.8961
48.7326
48.3084
48.6404
48.6789
48.3807
48.5943
48.7612
48.5106
48.5177
48.6541
48.512
48.5364
48.6452
48.516
48.4996
48.3656
48.4599
48.4482
48.3357
48.4204
48.4252
48.3316
48.3523
48.4245
48.4427
48.4575
48.5177
48.4396
48.4365
48.4512
48.5057
48.517
48.45
48.4988
48.491
48.4265
48.4716
48.5155
48.4543
48.4594
48.5013
48.4605
48.4692
48.508
48.4676
48.4654
48.4154
48.452
48.4571
48.4062
48.4126
48.4221
48.0275
48.0132
48.0317
48.0082
48.0148
48.0236
47.9783
47.9924
47.9703
47.9799
47.9885
47.9704
47.9967
47.9771
47.9578
47.9653
47.9844
47.9365
47.9559
47.9871
47.9728
47.9651
46.745
48.5048
47.9211
47.3826
47.7164
48.0825
47.5537
47.7591
47.6475
47.8001
47.766
47.8637
47.9042
47.9569
47.803
47.8762
47.7715
47.8165
47.8667
47.7799
47.7815
47.8345
47.7919
47.8367
47.8664
47.9325
47.98
48
48.0198
48.0874
48.0415
48.0237
48.0483
48.114
48.1207
48.0198
48.0588
48.1177
48.0741
48.0525
48.102
48.0737
48.0704
48.0016
48.0528
48.071
47.9982
48.0026
48.0495
48.0222
48.0283
47.9887
48.0315
48.035
48.0403
48.0555
48.0947
48.0689
48.0744
48.1103
48.1456
48.1503
48.126
48.1593
48.1651
48.1416
48.1503
48.1819
48.1587
48.1605
48.1293
48.1575
48.1598
48.1389
48.9309
49.5975
48.4453
48.3813
48.7629
48.3573
48.4362
48.1346
48.3723
48.372
48.2167
48.3894
48.5332
48.3568
48.3479
48.4681
48.3211
48.3368
48.2471
48.3481
48.3507
48.2418
48.3303
48.3393
48.2701
48.2805
48.355
48.3732
48.3797
48.396
48.457
48.4715
48.3997
48.4548
48.4482
48.3875
48.4023
48.4514
48.3922
48.3871
48.4336
48.3818
48.3851
48.3458
48.3887
48.3926
48.3557
48.3632
48.4027
48.3679
48.3683
48.3981
48.321
48.3189
48.2931
48.3237
48.2933
48.2426
48.256
48.2886
48.2331
48.224
48.257
48.253
48.2279
48.1874
48.2191
48.231
48.1747
48.1647
48.1948
48.174
48.1538
48.1426
48.1714
48.1803
44.631
46.6174
47.8446
47.5481
47.4538
47.6478
47.5376
47.7173
47.4675
47.5788
47.6819
47.5979
47.7221
47.7823
47.6728
47.7288
47.8218
47.6411
47.6862
47.6331
47.7227
47.6969
47.6235
47.6722
47.7535
47.6436
47.6646
47.7587
47.8271
47.7938
47.7284
47.8088
47.834
47.7482
47.7532
47.8229
47.7713
47.7429
47.6851
47.7503
47.7794
47.7109
47.7418
47.7999
47.7756
47.7622
47.7851
47.7613
47.7724
47.7135
47.733
47.7644
47.7445
47.7903
47.8351
47.8014
47.8088
47.8513
47.8186
47.8266
47.8067
47.8471
47.8636
47.8367
47.8742
47.9104
47.8815
47.8907
47.9256
47.9076
47.9222
47.9286
47.9606
47.9641
47.9375
47.9681
48.2908
47.3359
47.8002
48.4269
48.0733
48.2166
48.5077
48.1994
48.1985
48.2251
48.4141
48.452
48.3116
48.451
48.4472
48.293
48.4067
48.5103
48.4951
48.492
48.5777
48.4899
48.4924
48.5676
48.491
48.484
48.3901
48.4573
48.4656
48.4055
48.4655
48.4678
48.3972
48.3913
48.4449
48.3759
48.3741
48.4251
48.3781
48.3827
48.3398
48.3862
48.3938
48.3532
48.3954
48.3953
48.3446
48.3527
48.3922
48.3574
48.3554
48.3919
48.344
48.3411
48.3257
48.3301
48.3377
48.308
48.3256
48.3061
48.278
48.2862
48.3017
48.2487
48.2585
48.2894
48.2494
48.2283
48.2056
48.2349
48.222
48.1691
48.1981
48.2076
48.1654
48.1522
48.1803
46.7804
47.2119
47.3586
48.0983
48.2862
47.7444
47.9504
48.2441
48.0618
47.9372
48.0814
48.2636
48.2427
47.9681
48.1007
48.2358
48.1956
48.1481
48.26
48.2492
48.2265
48.0881
48.1852
48.225
48.1061
48.0959
48.1779
48.1274
48.075
47.9949
48.068
48.0686
47.9597
47.9801
48.0464
47.9936
47.9676
47.9359
47.9964
47.9959
47.922
47.9519
48.0065
47.9483
47.9313
47.9039
47.954
47.9273
47.8716
47.8952
47.9414
47.8736
47.8802
47.9014
47.9449
47.9638
47.9314
47.9712
48.0109
47.9877
48.0028
48.0391
48.0096
48.0125
47.981
48.0159
48.023
48.003
48.0079
48.0403
48.0126
48.0254
48.0371
48.0672
48.3808
47.1956
48.2318
48.3929
48.043
48.0797
48.39
48.0819
48.0961
48.3143
48.1231
48.1386
48.1533
48.3058
48.3453
48.2406
48.3592
48.3598
48.2344
48.3358
48.4294
48.3471
48.3724
48.4528
48.3801
48.3788
48.4484
48.3602
48.3559
48.2755
48.3395
48.3398
48.358
48.4152
48.4279
48.3632
48.3579
48.4091
48.3542
48.3678
48.4149
48.3732
48.3775
48.3902
48.4319
48.4312
48.3781
48.4172
48.4132
48.3639
48.4017
48.4374
48.3926
48.3955
48.4294
48.3871
48.3963
48.4246
48.3658
48.3678
48.3406
48.3639
48.3448
48.3089
48.3392
48.3328
48.2734
48.2795
48.3089
48.2792
48.2612
48.2823
48.3095
48.301
48.2545
48.2783
48.2885
45.9124
46.6336
47.8702
47.6355
47.5642
47.1496
47.6007
47.7733
47.4922
47.5155
47.7658
47.6408
47.5595
47.4307
47.6192
47.6441
47.4638
47.5375
47.6829
47.6053
47.5932
47.6604
47.7751
47.7822
47.6691
47.7717
47.8653
47.778
47.7572
47.8417
47.8474
47.8142
47.7297
47.8045
47.8188
47.7237
47.7478
47.8149
47.7793
47.7653
47.7272
47.7884
47.7962
47.7274
47.7634
47.8176
47.7596
47.7484
47.7714
47.8212
47.8017
47.7463
47.7677
47.8146
47.7635
47.7653
47.7451
47.7885
47.8008
47.7821
47.8008
47.8405
47.8139
47.8205
47.8583
47.8948
47.9026
47.8738
47.9083
47.9135
47.8956
47.9041
47.937
47.919
48.5455
47.5974
48.4856
48.5101
48.1382
48.4945
48.4615
48.1485
48.2287
48.4353
48.2738
48.2774
48.4294
48.2525
48.2517
48.3755
48.3554
48.3839
48.294
48.3923
48.3873
48.3042
48.3897
48.3905
48.2955
48.32
48.3933
48.3311
48.3288
48.3931
48.3138
48.3146
48.2646
48.3234
48.3229
48.2657
48.3207
48.3369
48.2944
48.3428
48.3897
48.3312
48.3328
48.3776
48.3387
48.3438
48.3853
48.348
48.3473
48.2999
48.3388
48.3453
48.3127
48.3489
48.3492
48.3078
48.3178
48.3514
48.317
48.3154
48.3475
48.2815
48.2763
48.257
48.287
48.2698
48.2327
48.2627
48.2597
48.2052
48.211
48.24
48.2164
48.1972
48.2166
48.2139
48.2102
44.6085
47.1516
47.7399
47.3353
47.3333
47.7916
47.6589
47.6203
47.329
47.626
47.7456
47.55
47.5584
47.7556
47.6906
47.6654
47.6737
47.8187
47.8338
47.6712
47.7121
47.8295
47.7631
47.7313
47.772
47.8679
47.8667
47.7629
47.8473
47.929
47.8533
47.8358
47.9103
47.977
47.9383
47.8614
47.9264
47.9881
47.8927
47.8953
47.954
47.9191
47.8939
47.8524
47.9061
47.9033
47.8394
47.8685
47.918
47.8747
47.8656
47.8475
47.893
47.8771
47.8204
47.8405
47.883
47.825
47.824
47.8072
47.848
47.8631
47.8328
47.8391
47.877
47.8587
47.8747
47.91
47.9445
47.9579
47.9322
47.9647
47.9682
47.9409
48.1802
49.2356
48.2924
48.4004
48.7826
49.0283
48.9197
48.5497
48.74
48.7
48.5157
48.6618
48.6398
48.4963
48.4891
48.6001
48.444
48.4317
48.5276
48.4022
48.3949
48.3167
48.403
48.4242
48.4182
48.4894
48.4788
48.3924
48.4097
48.4718
48.396
48.4123
48.4681
48.3959
48.3909
48.3861
48.4367
48.4308
48.3784
48.4259
48.4333
48.3902
48.4345
48.476
48.4235
48.4212
48.4615
48.4237
48.4255
48.4628
48.4245
48.4243
48.3775
48.4127
48.409
48.4056
48.4385
48.4705
48.4393
48.4409
48.4712
48.4406
48.442
48.4711
48.4209
48.3997
48.3791
48.4072
48.3944
48.3395
48.3672
48.3934
48.3452
48.3254
48.3516
48.3292
48.3144
47.3296
48.8237
48.9022
48.0648
48.17
48.525
48.2578
48.164
48.229
48.4361
48.4788
48.1407
48.2008
48.3483
48.1933
48.0951
48.1542
48.2723
48.2865
48.1195
48.1742
48.207
48.1304
48.0882
48.1448
48.1015
48.0979
47.9859
48.0418
48.0717
48.0076
47.9696
48.0246
47.9823
47.9698
47.882
47.938
47.9651
47.9135
47.8982
47.9529
47.9218
47.9091
47.836
47.8906
47.9133
47.8631
47.8488
47.8988
47.8733
47.8571
47.795
47.842
47.8605
47.8016
47.8011
47.8451
47.8289
47.8194
47.816
47.8561
47.8649
47.8348
47.8733
47.9101
47.8874
47.896
47.9307
47.9042
47.9102
47.8927
47.9255
47.9314
47.9095
48.7305
49.5162
48.5548
48.5534
48.8935
49.1226
48.992
48.6568
48.8355
48.7945
48.5388
48.6826
48.6505
48.5046
48.5299
48.6386
48.4881
48.4908
48.5857
48.4888
48.483
48.3909
48.4718
48.4637
48.3895
48.4615
48.4579
48.3686
48.3625
48.4261
48.3511
48.3697
48.4282
48.3741
48.3739
48.4267
48.4156
48.4126
48.3587
48.4072
48.4184
48.3768
48.4209
48.4196
48.3647
48.3617
48.4019
48.3509
48.3504
48.3895
48.3549
48.366
48.3228
48.3586
48.3554
48.3112
48.3458
48.3491
48.3174
48.3266
48.3584
48.3214
48.3197
48.3502
48.313
48.2896
48.2806
48.3105
48.3204
48.2739
48.2856
48.2938
48.2662
48.2437
48.2549
48.2338
48.2401
48.5729
47.1115
47.7158
47.2362
47.503
47.5525
47.3968
47.4679
47.5929
47.4819
47.6249
47.4486
47.5354
47.6351
47.5742
47.5483
47.629
47.7015
47.7662
47.6071
47.6819
47.7428
47.673
47.6254
47.705
47.6619
47.6752
47.578
47.6629
47.7052
47.6431
47.6281
47.7089
47.6777
47.6617
47.6617
47.7336
47.7672
47.6868
47.6925
47.7551
47.7138
47.687
47.7016
47.7583
47.7584
47.6952
47.7432
47.7952
47.7574
47.7467
47.7958
47.843
47.8382
47.7878
47.8327
47.8511
47.7946
47.7952
47.8367
47.8157
47.7957
47.766
47.8049
47.8142
47.7868
47.803
47.8397
47.8222
47.8329
47.8165
47.8506
47.8626
47.8463
50.2291
50.2512
48.8125
48.6795
49.002
48.6099
48.5742
48.7784
48.6915
48.6486
48.4693
48.6184
48.6024
48.6211
48.731
48.7095
48.5877
48.5844
48.6744
48.5706
48.561
48.6386
48.5222
48.51
48.4083
48.479
48.4699
48.3869
48.4531
48.4669
48.3965
48.4116
48.4687
48.4152
48.4145
48.4661
48.4046
48.4025
48.4507
48.44
48.4359
48.3768
48.4208
48.4158
48.3609
48.4028
48.4071
48.3693
48.3674
48.4056
48.3648
48.3747
48.4103
48.3709
48.3798
48.339
48.3729
48.3702
48.3295
48.3618
48.3596
48.3207
48.326
48.3569
48.331
48.3343
48.3635
48.3383
48.3154
48.3253
48.3532
48.3612
48.3156
48.326
48.3337
48.3034
48.3064
49.1807
47.9201
48.0171
48.1582
48.4261
48.5698
48.2558
48.2986
48.4593
48.302
48.2671
48.2927
48.1353
48.1883
48.0294
48.0638
48.1138
48.0098
47.9536
47.993
47.9255
47.9432
47.8143
47.8691
47.9214
47.8761
47.8437
47.8979
47.8536
47.8793
47.7874
47.8484
47.8883
47.8373
47.8134
47.8724
47.8341
47.8207
47.7414
47.8055
47.8314
47.7673
47.7619
47.8196
47.7955
47.7802
47.78
47.8327
47.8569
47.5516
47.5863
47.6385
47.6199
47.6037
47.6417
47.6882
47.6898
47.6357
47.6737
47.7176
47.688
47.6743
47.7142
47.7186
47.7102
47.6703
47.7097
47.7284
47.7131
47.7306
47.7668
47.7507
47.7591
47.7348
50.263
49.2334
48.1765
48.7058
48.736
48.292
48.2789
48.5259
48.2406
48.2379
48.4229
48.2281
48.2773
48.4216
48.3047
48.3439
48.3457
48.4518
48.4392
48.3155
48.4075
48.4036
48.3263
48.4067
48.4034
48.3094
48.3066
48.3768
48.2924
48.2995
48.364
48.3104
48.3174
48.3759
48.3269
48.3288
48.3257
48.3769
48.3735
48.3194
48.3678
48.3802
48.3272
48.3715
48.3684
48.316
48.314
48.3555
48.3204
48.3197
48.358
48.3169
48.3278
48.3643
48.3318
48.3296
48.3274
48.3608
48.363
48.3342
48.3658
48.3654
48.327
48.3571
48.3547
48.3203
48.3225
48.3511
48.3168
48.3247
48.3524
47.8841
47.8729
47.8824
47.8544
47.8688
47.8809
47.8897
47.7495
47.1836
48.1215
47.7463
47.3027
47.5618
47.8735
47.428
47.5503
47.4647
47.6438
47.6033
47.5175
47.5909
47.6963
47.5227
47.6212
47.57
47.6389
47.6072
47.562
47.5957
47.6387
47.5373
47.5939
47.5362
47.5749
47.5872
47.5615
47.5795
47.6129
47.5672
47.609
47.5656
47.5944
47.6189
47.5917
47.5914
47.6167
47.5867
47.6051
47.5944
47.6175
47.6502
47.6305
47.6578
47.6829
47.6608
47.6868
47.7044
47.7328
47.7641
47.7436
47.759
47.788
47.7679
47.7741
47.7878
47.8201
47.8375
47.8014
47.8143
47.8473
47.8654
47.8633
47.874
47.848
47.8631
47.8304
47.8416
47.8599
47.8446
47.8502
47.8829
45.9376
47.2389
47.8018
48.4148
48.3936
47.9867
48.3119
48.3168
48.0512
48.2715
48.4559
48.3046
48.322
48.463
48.3413
48.3742
48.487
48.3818
48.3802
48.2589
48.3543
48.3686
48.2682
48.3516
48.3458
48.2619
48.2635
48.3355
48.2659
48.286
48.3497
48.2752
48.2844
48.3025
48.3597
47.8094
47.7674
47.8332
47.847
47.8037
47.8636
47.8739
47.8291
47.838
47.8919
47.8506
47.8733
47.9237
47.8967
47.9053
47.8739
47.9201
47.9368
47.9127
47.9556
47.9632
47.939
47.9787
48.018
47.9954
48.0014
48.0378
48.0046
48.008
48.043
48.0425
48.0468
48.0258
48.0582
48.063
48.0404
48.0715
48.0812
48.0614
48.0659
48.0859
48.0393
48.423
49.3621
49.5486
48.8138
47.6508
48.0921
48.4021
47.8964
47.8564
48.1024
48.0942
47.9785
47.7832
47.966
48.0513
47.8819
47.8393
47.9756
47.9031
47.8666
47.704
47.81
47.8576
47.7495
47.7276
47.8046
47.7675
47.7693
47.6528
47.714
47.7668
47.7253
47.7089
47.752
47.7198
47.7466
47.6591
47.6944
47.7249
47.6969
47.6745
47.7001
47.6755
47.7025
47.6331
47.6535
47.676
47.6549
47.6539
47.6723
47.6919
47.7147
47.6764
47.6932
47.7059
47.6771
47.6725
47.6881
47.6561
47.6791
47.6927
47.7068
47.7044
47.6875
47.6928
47.7063
47.6737
47.698
47.7159
47.7282
47.7234
47.709
47.7435
47.7774
45.9188
47.1848
48.2214
47.8287
47.9431
47.9876
48.3121
48.2969
48.0366
48.2617
48.281
48.1468
48.3104
48.4524
48.33
48.3678
48.4795
48.3454
48.3388
48.4352
48.3183
48.3146
48.2162
48.3026
48.3247
48.2369
48.3117
48.308
48.2296
48.2531
48.3183
48.2494
48.2687
48.3283
48.2802
48.2824
48.2812
48.3332
48.3301
48.2706
48.3195
48.3234
48.2832
48.3276
48.3704
48.3178
48.32
48.3613
48.3252
48.3262
48.3646
48.328
48.3392
48.3074
48.343
48.3447
48.3032
48.3369
48.335
48.2956
48.2948
48.3267
48.2891
48.2881
48.3189
48.2898
48.2934
48.3029
48.332
48.3401
48.3165
48.3435
48.3448
48.3125
48.3378
48.3634
48.3287
47.0217
48.531
47.9283
47.805
47.2488
47.7575
47.9274
47.5237
47.5961
47.8672
47.7454
47.7013
47.6426
47.8321
47.8425
47.6243
47.6923
47.8352
47.6589
47.6791
47.6333
47.7405
47.6861
47.636
47.6655
47.7295
47.6144
47.6758
47.7663
47.8017
47.8058
47.7792
47.849
47.87
47.8781
47.9085
47.9498
47.871
47.898
47.8519
47.8749
47.8596
47.8305
47.8386
47.8554
47.8198
47.8492
47.8104
47.8262
47.8481
47.8166
47.7981
47.8264
47.8095
47.8276
47.7755
47.8123
47.8307
47.7876
47.7767
47.8181
47.7999
47.7882
47.7553
47.7944
47.8098
47.7665
47.7773
47.8132
47.7782
47.7697
47.7895
47.8234
47.8301
46.0466
48.1563
48.2165
47.6878
47.9252
48.3184
48.0325
48.0572
48.3045
48.1024
48.1435
48.0174
48.1906
48.2028
48.0578
48.198
48.2407
48.1503
48.1638
48.2694
48.159
48.1621
48.2537
48.1625
48.1926
48.1989
48.2748
48.2727
48.1943
48.2644
48.2849
48.2177
48.2784
48.3372
48.2756
48.2943
48.3473
48.2893
48.2868
48.3351
48.3273
48.3309
48.2907
48.3355
48.3357
48.2834
48.3259
48.329
48.294
48.2954
48.3343
48.2888
48.2954
48.3324
48.3013
48.3003
48.2588
48.2931
48.292
48.2612
48.2946
48.3049
48.279
48.3098
48.3401
48.3039
48.3027
48.3316
48.2969
48.2984
48.3265
48.3219
48.3231
48.2909
48.3172
48.3175
48.2893
48.5965
49.0453
48.4074
48.4753
48.493
48.3163
48.4029
48.0469
48.1057
48.1338
47.9983
47.9892
48.0348
47.9363
47.9662
47.7637
47.8214
47.8795
47.8159
47.7899
47.8541
47.819
47.848
47.7178
47.7838
47.832
47.7803
47.7605
47.8319
47.8028
47.7954
47.696
47.7704
47.802
47.7282
47.714
47.7839
47.7546
47.7525
47.685
47.7489
47.775
47.6992
47.7021
47.7599
47.7367
47.7257
47.7328
47.7843
47.7876
47.7211
47.7328
47.7812
47.7508
47.7412
47.7807
47.8243
47.8182
47.7695
47.8117
47.8524
47.8154
47.8064
47.8453
47.8477
47.8318
47.7928
47.8293
47.8364
47.7855
47.7939
47.8288
47.8107
47.7968
45.9367
48.1024
48.1762
47.6527
48.1819
48.5304
48.1761
48.2188
48.4458
48.2177
48.2178
48.3917
48.2556
48.2671
48.3981
48.3745
48.3736
48.2757
48.3798
48.3751
48.26
48.3525
48.3757
48.3048
48.3828
48.3825
48.3758
48.3702
48.436
48.3535
48.3594
48.4201
48.3663
48.3647
48.4197
48.3601
48.3645
48.3198
48.3696
48.3736
48.3309
48.3769
48.3798
48.3275
48.3706
48.3682
48.3165
48.3146
48.3551
48.3205
48.3196
48.3569
48.3121
48.3134
48.3478
48.3094
48.3194
48.2901
48.3235
48.3252
48.2859
48.3176
48.3162
48.2791
48.3097
48.3083
48.275
48.2838
48.3125
48.28
48.2791
48.3066
48.2746
48.2803
48.307
48.3126
48.3203
48.3199
50.2661
49.243
48.1498
48.4868
48.5042
48.1986
48.3013
48.2187
48.2779
48.3369
48.1383
48.0177
48.1067
48.0011
48.0475
47.8538
47.9626
48.0146
47.8822
47.8316
47.9366
47.8748
47.8497
47.7289
47.8313
47.9264
47.8271
47.8205
47.9052
47.9812
47.9345
47.8719
47.905
47.9602
47.8728
47.8908
47.8408
47.8793
47.8476
47.8209
47.8333
47.8568
47.7906
47.8255
47.7986
47.8152
47.8478
47.823
47.83
47.8448
47.8845
47.9036
47.8567
47.8408
47.8857
47.8631
47.8496
47.7987
47.841
47.8588
47.8099
47.8173
47.8568
47.8377
47.8224
47.7941
47.8314
47.8377
47.7911
47.8068
47.8408
47.8567
47.8437
46.6942
48.485
48.6023
47.7133
47.949
48.3399
48.082
48.163
48.396
48.1667
48.1702
48.1766
48.3403
48.3825
48.2619
48.3865
48.3747
48.2412
48.3477
48.3421
48.2271
48.3173
48.4024
48.3232
48.3521
48.4273
48.3595
48.3594
48.4247
48.3418
48.3452
48.4065
48.3945
48.3949
48.3254
48.3791
48.3747
48.3106
48.3604
48.3561
48.2978
48.3454
48.3902
48.3424
48.3543
48.3961
48.3471
48.3445
48.384
48.3392
48.35
48.3863
48.379
48.3757
48.3318
48.3664
48.3636
48.322
48.3553
48.3596
48.3255
48.3573
48.3883
48.3614
48.3618
48.3905
48.3542
48.3546
48.3827
48.3578
48.3592
48.385
48.38
48.378
48.3459
48.371
48.3696
48.3472
50.2584
49.4023
48.4759
48.5914
48.9235
48.4583
48.3732
47.9067
48.1149
48.1881
47.9338
47.879
48.0541
48.2116
48.1432
47.9246
47.9996
48.1269
47.9734
47.959
47.9105
48.0183
47.9769
47.8635
47.9061
47.9836
47.851
47.8706
47.8296
47.8819
47.8433
47.7948
47.8105
47.8476
47.8723
47.9132
47.8795
47.9023
47.9307
47.8988
47.9145
47.93
47.9632
47.9849
47.9381
47.922
47.9599
47.9338
47.9296
47.8595
47.904
47.9233
47.8728
47.8641
47.9088
47.8919
47.8756
47.8319
47.8738
47.9141
47.8649
47.8667
47.9043
47.9346
47.914
47.8926
47.9017
47.9252
47.8724
47.885
47.8622
47.8806
47.8717
46.7692
47.8526
48.2574
47.4422
47.7872
48.202
47.8986
48.0282
48.2762
48.0636
48.0768
47.901
48.084
48.094
47.9507
48.0974
48.125
48.0139
48.1339
48.1607
48.0601
48.0997
48.1944
48.11
48.1208
48.2046
48.1454
48.1543
48.2272
48.1534
48.1559
48.0869
48.1526
48.1561
48.1136
48.1733
48.1831
48.1422
48.1958
48.2484
48.2081
48.2098
48.2578
48.2063
48.2213
48.2655
48.2206
48.2208
48.2615
48.2561
48.2558
48.2119
48.2506
48.2505
48.2206
48.2576
48.2691
48.2313
48.2648
48.2985
48.2677
48.2752
48.3071
48.2803
48.2798
48.3099
48.2747
48.2738
48.3022
48.2977
48.297
48.2661
48.294
48.3023
48.2726
48.2991
48.307
48.2793
50.2306
50.257
48.9046
48.896
49.1766
49.3625
49.0993
48.5809
48.5522
48.7241
48.4185
48.2884
48.1826
48.3336
48.2971
48.089
48.1354
48.2533
48.0652
48.0385
47.9763
48.0782
48.0384
47.9434
47.9831
48.0546
47.9895
47.9907
47.9432
47.985
48.0051
47.9732
48.0053
47.9873
48.0163
48.04
47.9888
47.9706
48.0072
47.982
47.9855
47.9132
47.9607
47.9787
47.917
47.8942
47.9455
47.9171
47.8994
47.8462
47.8944
47.9407
47.8856
47.8848
47.9286
47.9642
47.9405
47.9488
47.9645
47.9913
47.932
47.9458
47.9152
47.9316
47.9117
47.8941
47.9038
47.915
47.8779
47.8929
47.8702
47.88
47.9038
46.6217
47.5377
47.8846
47.3882
47.6925
48.0771
47.5548
47.5495
47.4352
47.7169
47.7633
47.6115
47.8151
47.8472
47.7769
47.9312
48.0679
47.953
48.0046
48.1177
48.0224
48.0532
48.1509
48.0874
48.0995
48.1808
48.1739
48.1743
48.0978
48.1699
48.1721
48.1074
48.1739
48.1955
48.1387
48.1968
48.253
48.2022
48.2106
48.2627
48.2239
48.2407
48.288
48.2383
48.2379
48.281
48.2749
48.2739
48.2265
48.2676
48.274
48.2432
48.2814
48.2811
48.2389
48.2751
48.3106
48.2822
48.2856
48.3194
48.2924
48.2947
48.3263
48.2884
48.2876
48.3169
48.3123
48.3106
48.2783
48.3071
48.3158
48.2843
48.3113
48.3103
48.2826
48.3091
48.3347
48.3081
48.8776
49.5851
48.6065
48.5424
48.0259
48.3991
48.3748
48.0721
48.1271
48.3446
48.0314
48.0016
47.8984
48.0554
47.9558
47.8039
47.87
47.9893
47.9016
47.9085
47.8519
47.9374
47.9651
47.879
47.9211
47.9371
47.9609
47.9777
47.9308
47.915
47.9363
47.8814
47.9128
47.834
47.8553
47.8783
47.8453
47.8277
47.8475
47.8529
47.8793
47.8186
47.8362
47.8921
47.8647
47.8455
47.8647
47.9154
47.9347
47.8674
47.8614
47.9081
47.8828
47.8593
47.8147
47.8584
47.8667
47.8055
47.8149
47.8563
47.8357
47.8257
47.7939
47.833
47.8643
47.8205
47.8263
47.8623
47.8884
47.8692
47.8442
47.8564
47.8776
44.5945
46.5051
47.7706
47.3653
47.2571
47.016
47.4817
47.5946
47.3087
47.4837
47.6524
47.5774
47.7821
47.9595
47.8252
47.8508
47.9929
47.879
47.8973
48.0158
47.9201
47.9659
48.0644
48.0615
48.0678
47.9854
48.0712
48.1
48.0508
48.1242
48.1318
48.0637
48.1303
48.1346
48.072
48.0755
48.1347
48.078
48.0907
48.146
48.1093
48.1131
48.1633
48.1148
48.1197
48.0871
48.1342
48.1504
48.1091
48.1521
48.1528
48.1108
48.1515
48.1535
48.1135
48.1161
48.1543
48.1286
48.1342
48.1695
48.1331
48.1345
48.1686
48.1361
48.1473
48.1247
48.1565
48.1601
48.1281
48.1585
48.1594
48.1287
48.158
48.1597
48.1355
48.146
48.1739
48.1511
48.1925
49.222
48.1344
48.2321
47.9158
48.3141
48.3977
48.1165
48.125
48.3382
48.1217
48.1299
48.054
48.1013
48.1889
48.1013
48.1423
48.1957
48.114
48.1222
48.1444
48.2136
48.2595
48.1773
48.1942
48.2664
48.2098
48.1787
48.192
48.262
48.2672
48.1627
48.1896
48.2519
48.2049
48.1665
48.2006
48.1605
48.1699
48.0891
48.1325
48.1518
48.1009
48.0768
48.1257
48.0879
48.0636
47.9945
48.0416
48.0591
47.9881
47.9879
48.0315
48.0014
47.9766
47.9519
47.9931
47.9975
47.9459
47.9625
48.0001
47.9519
47.9397
47.9209
47.9568
47.9359
47.8955
47.9113
47.9446
47.9017
47.9081
47.9162
47.9389
47.9225
46.8656
48.5802
48.8258
47.7567
47.9794
48.3655
47.9722
47.8617
47.975
48.2024
48.0844
47.8388
48.0278
48.0939
47.9947
48.1347
48.2596
48.1322
48.1461
48.2536
48.174
48.1774
48.2676
48.2571
48.2609
48.1823
48.2595
48.2605
48.18
48.2499
48.2591
48.2077
48.2298
48.2898
48.2279
48.2278
48.2827
48.2216
48.2216
48.1656
48.2166
48.217
48.1668
48.2155
48.2306
48.1961
48.195
48.2388
48.205
48.2105
48.2514
48.2198
48.2229
48.26
48.2961
48.2951
48.2541
48.2886
48.288
48.2482
48.2818
48.3138
48.281
48.2901
48.321
48.2957
48.2958
48.325
48.296
48.2988
48.275
48.3025
48.3026
48.2705
48.297
48.2958
48.2656
48.3558
49.3264
48.4334
48.3918
48.7703
49.0244
49.0067
48.6362
48.8194
48.7935
48.5643
48.5567
48.6903
48.5399
48.4541
48.2212
48.3435
48.3797
48.1905
48.1386
48.2416
48.1694
48.1312
48.023
48.1139
48.1405
48.0005
48.003
48.081
48.0098
47.9681
47.9214
47.9927
47.9845
47.8911
47.9201
47.984
47.9227
47.8964
47.8682
47.9244
47.9058
47.837
47.8606
47.9137
47.8432
47.8314
47.8568
47.9065
47.8927
47.8439
47.89
47.9332
47.8644
47.8698
47.9131
47.9466
47.9245
47.8986
47.9387
47.9661
47.9173
47.9287
47.9651
47.9524
47.9354
47.9207
47.9557
47.9511
47.9029
47.9171
47.9496
47.904
47.898
46.7095
48.4812
47.9032
47.2561
47.648
48.0895
47.6671
47.6646
47.9572
47.8199
47.7223
47.5217
47.7319
47.7734
47.544
47.636
47.6939
47.6053
47.6449
47.7754
47.6873
47.7182
47.8301
47.7792
47.8222
47.7555
47.8498
47.8867
47.8214
47.9028
47.913
47.8511
47.8622
47.933
47.8763
47.8864
47.9512
47.8979
47.906
47.9223
47.9802
48.0025
47.9702
48.022
48.0296
47.9899
48.0376
48.0847
48.0556
48.0628
48.1057
48.0636
48.0663
48.1068
48.0685
48.0711
48.0338
48.0724
48.0802
48.0568
48.0934
48.1026
48.0731
48.0756
48.1094
48.0791
48.0913
48.1239
48.1016
48.1045
48.1062
48.136
48.1372
48.1076
48.1363
48.1373
48.1103
48.8772
49.5726
48.4068
48.3563
48.7286
48.9874
48.9334
48.6441
48.8246
48.7948
48.5492
48.5213
48.6559
48.4615
48.455
48.3101
48.4255
48.4177
48.2351
48.2187
48.316
48.2082
48.1408
48.0647
48.1539
48.1693
48.0481
48.0687
48.1436
48.042
48.0022
47.9591
48.0288
48.0031
47.9089
47.938
48.0008
47.9113
47.9087
47.9304
47.9832
47.9557
47.9131
47.9673
48.0076
47.9414
47.9552
48.0032
48.0304
48.0088
47.9903
48.0338
48.017
47.9562
47.9732
48.0147
47.9638
47.9576
47.9325
47.9683
47.9456
47.9142
47.9312
47.9608
47.907
47.9178
47.8906
47.9117
47.8925
47.8742
47.8829
47.8985
47.8593
47.8738
46.6698
47.6967
47.5623
47.3751
47.9478
48.0519
47.6318
47.7936
48.0719
47.761
47.7499
47.8191
47.9992
47.892
47.7417
47.9014
47.9555
47.7541
47.7705
47.8954
47.8193
47.8699
47.9735
47.8933
47.905
47.8401
47.9308
47.9636
47.8993
47.9784
47.9859
47.9222
47.9409
48.0092
47.9565
47.9632
48.0256
47.9707
47.9844
48.0421
48.0964
48.1031
48.0526
48.1033
48.1151
48.0837
48.1298
48.1359
48.0911
48.0936
48.1369
48.1072
48.1107
48.1505
48.1113
48.1134
48.0802
48.1184
48.131
48.0975
48.1328
48.1341
48.1
48.1132
48.1464
48.1506
48.1516
48.1828
48.1523
48.1578
48.1686
48.1977
48.1996
48.1691
48.1968
48.1981
48.1782
50.2277
50.2491
48.8164
48.7123
49.0295
48.6232
48.5774
48.2485
48.4734
48.4606
48.2936
48.3455
48.4927
48.3228
48.315
48.1663
48.2906
48.2856
48.1664
48.1742
48.2576
48.0957
48.1251
48.2157
48.2725
48.2091
48.1406
48.2178
48.2562
48.1388
48.1648
48.2305
48.2531
48.2143
48.1718
48.2296
48.243
48.1545
48.1761
48.2294
48.148
48.1372
48.1021
48.146
48.1238
48.0755
48.0819
48.1165
48.039
48.0487
48.0208
48.0475
48.0194
47.992
48.0004
48.0197
47.9613
47.9779
47.9519
47.9652
47.9578
47.9371
47.952
47.9614
47.9218
47.9357
47.9043
47.9141
47.9144
47.8983
47.8965
47.9058
47.8772
47.8929
45.8963
47.2354
47.7384
47.9136
48.2124
47.9473
47.8042
47.9474
48.1022
47.7837
47.8719
48.0681
47.9961
47.8993
47.8158
47.9685
47.9323
47.7572
47.8203
47.9445
47.8381
47.8005
47.9093
47.8541
47.8722
47.8024
47.8949
47.9358
47.8717
47.9512
47.9593
47.8972
47.9072
47.9767
47.9188
47.9367
48.0005
47.9683
47.978
48.0339
48.0885
48.0965
48.0634
48.1135
48.1236
48.092
48.1381
48.142
48.0972
48.0996
48.1421
48.0999
48.1019
48.1427
48.1112
48.1149
48.0886
48.1261
48.1312
48.0962
48.1316
48.1338
48.1004
48.1134
48.1465
48.1154
48.1164
48.1479
48.1161
48.1178
48.1191
48.1489
48.1497
48.1249
48.1538
48.1632
48.1723
50.233
50.2511
48.8223
48.7291
49.0428
48.8709
48.8217
48.4694
48.6682
48.6183
48.3722
48.3581
48.5047
48.3256
48.364
48.257
48.3744
48.371
48.2556
48.2547
48.3512
48.2434
48.272
48.3538
48.3722
48.3262
48.2644
48.3357
48.3432
48.2242
48.2446
48.3059
48.3145
48.3161
48.272
48.3152
48.2698
48.2151
48.228
48.2581
48.177
48.1921
48.1415
48.1629
48.1303
48.098
48.1016
48.1164
48.0425
48.0599
48.0249
48.0356
48.0314
48.0049
48.013
48.023
47.9817
47.9972
47.8918
47.9025
47.9025
47.8784
47.8724
47.8833
47.8584
47.8651
47.82
47.8313
47.8467
47.8293
47.8195
47.8343
47.8237
47.8389
47.0195
48.0821
48.4869
48.0322
48.1352
48.002
47.8015
47.8259
47.9075
47.6077
47.7212
47.9327
47.6533
47.6318
47.5677
47.7359
47.6809
47.557
47.7009
47.8306
47.6923
47.7061
47.8169
47.7454
47.7001
47.7077
47.8025
47.8215
47.7568
47.8404
47.853
47.7933
47.814
47.8858
47.8331
47.8531
47.9193
47.885
47.9105
47.9683
47.9694
47.9747
47.933
47.9859
47.9932
47.9487
47.998
48.0037
47.9623
47.9672
48.0125
47.9732
47.9809
48.0236
47.9959
48.0115
47.9879
48.0273
48.0327
47.9982
48.0354
48.0379
48.0047
48.0077
48.0425
48.0112
48.0137
48.047
48.0166
48.0196
47.9957
48.0275
48.0396
48.0184
48.0489
48.0597
48.0702
50.2408
50.2542
48.8123
48.6616
48.9846
48.8213
48.7341
48.3876
48.5958
48.5584
48.3242
48.386
48.5335
48.4031
48.4133
48.3009
48.4182
48.4442
48.3283
48.4227
48.5105
48.3929
48.3858
48.4642
48.5359
48.5237
48.4284
48.4664
48.4057
48.3583
48.3778
48.4026
48.2966
48.3159
48.2776
48.2946
48.2581
48.2144
48.2174
48.2263
48.15
48.169
48.1207
48.1304
48.1152
48.0837
48.0803
48.0909
48.05
48.0706
48.031
48.0425
48.0617
48.0365
48.0259
48.0355
48.0067
48.0132
47.9561
47.9707
47.9851
47.9551
47.9355
47.9536
47.9335
47.9426
47.8999
47.9234
47.9442
47.9236
47.9135
47.9396
47.9219
47.9194
48.5739
49.2956
49.0597
48.1147
48.208
48.2293
47.9998
47.9359
48.0071
47.8358
47.9316
48.0562
47.8173
47.8896
47.8166
47.9158
47.8535
47.7784
47.9089
47.8922
47.7282
47.7774
47.8857
47.7712
47.7363
47.8276
47.8338
47.8168
47.7072
47.788
47.8233
47.7857
47.8596
47.9307
47.8735
47.8882
47.9533
47.9179
47.9303
47.9889
47.9396
47.9459
47.9078
47.9613
47.9682
47.9239
47.974
47.9861
47.9591
47.9662
48.0115
47.9723
47.9773
48.0202
47.9896
48.0056
47.9727
48.0123
48.0152
47.9799
48.0173
48.0225
48.0367
48.0416
48.0759
48.0453
48.0586
48.0913
48.0685
48.0705
48.1009
48.0993
48.1036
48.0841
48.1132
48.1152
48.0872
50.2589
50.2636
48.9131
48.9117
49.1798
48.671
48.6161
48.3675
48.582
48.608
48.3822
48.3676
48.5138
48.3322
48.348
48.3845
48.4951
48.4877
48.3639
48.4585
48.545
48.4274
48.4291
48.5069
48.431
48.4477
48.3609
48.4288
48.4216
47.6604
47.6374
47.6671
47.5996
47.6472
47.6031
47.6295
47.6291
47.6023
47.618
47.6425
47.5966
47.6307
47.6516
47.6727
47.6888
47.6549
47.6947
47.713
47.685
47.6989
47.7311
47.7473
47.7668
47.737
47.7614
47.776
47.7552
47.7643
47.7827
47.8013
47.8267
47.8086
47.8218
47.8418
47.8234
47.8302
47.8412
47.864
47.8824
47.8536
47.8638
47.8881
47.8709
47.8701
48.5796
47.1731
47.839
47.4238
47.6523
47.7478
47.5935
47.8739
47.7395
47.4999
47.6256
47.8269
47.6007
47.6066
47.7817
47.9093
47.8334
47.7232
47.8583
47.884
47.742
47.7586
47.8672
47.7906
47.7677
47.8322
47.787
47.7992
47.6954
47.7549
47.8006
47.7481
47.8249
47.8357
47.7818
47.7935
47.8607
47.823
47.8415
47.9029
47.8724
47.8847
47.8924
47.9463
47.9553
47.9264
47.976
47.9827
47.9491
47.995
48.0396
47.9992
48.0033
48.0454
48.0097
48.0252
48.0302
48.069
48.0764
48.0418
48.0786
48.0803
48.0523
48.0873
48.1208
48.0895
48.0965
48.1284
48.0993
48.101
48.1316
48.1024
48.1079
48.0877
48.1165
48.1197
48.0912
50.2753
49.2708
48.2157
48.3937
48.767
48.3072
48.3191
48.114
48.3517
48.3456
48.1301
48.1363
48.3021
48.1681
48.1907
48.3222
48.436
48.4266
48.2959
48.3945
48.4007
48.2913
48.2874
48.3706
