39.7142
49.68
86.1401
105.615
86.3244
99.2389
95.1415
86.3406
107.544
90.0252
84.9267
Control Period 
84.9267
104.359
100.021
88.5368
110.844
90.4509
102.6
97.6091
98.2564
106.97
90.5406
Control Period 
90.5406
105.356
98.8254
98.1451
110.188
89.9147
109.984
88.1317
109.487
88.8525
105.824
Control Period 
105.824
101.315
90.4253
113.054
86.6711
111.452
90.9967
109.932
99.5745
89.6451
100.196
Control Period 
100.196
93.4093
111.782
100.415
90.388
110.587
90.0899
106.076
100.735
98.9282
105.479
Control Period 
105.479
97.8018
108.202
90.2277
107.699
91.799
100.726
106.537
91.5116
108.12
90.2697
Control Period 
90.2697
108.81
91.6687
117.293
90.056
102.252
103.49
102.258
107.84
98.8672
111.114
Control Period 
111.114
86.2959
106.773
96.5625
92.7051
111.129
89.8979
109.761
86.3536
103.544
109.913
Control Period 
109.913
90.3986
110.101
90.0908
109.659
94.42
109.594
99.7261
104.571
109.859
95.1009
Control Period 
95.1009
114.962
86.6647
107.271
90.9515
107.337
103.965
97.5368
110.401
91.5225
107.522
Control Period 
107.522
89.8666
111.309
89.9676
107.206
101.536
95.2743
113.63
91.6917
110.197
90.3832
Control Period 
90.3832
111.294
89.8423
108.768
89.5145
102.087
108.271
91.6171
112.916
91.9195
115.526
Control Period 
115.526
92.2013
112.552
89.8246
110.255
91.2364
113.676
96.9959
104.916
99.5224
91.614
Control Period 
91.614
105.261
90.067
115.128
91.556
121.098
89.8204
97.5546
98.2165
92.0312
96.3463
Control Period 
96.3463
92.767
108.677
90.8521
94.1132
101.328
92.7692
119.064
91.7416
121.712
Control Period 
121.712
89.9572
114.956
89.8358
114.654
91.8
112.231
96.9391
108.405
103.767
103.129
Control Period 
103.129
107.325
104.517
109.306
111.016
103.09
104.905
101.446
95.9923
107.083
93.4918
Control Period 
93.4918
111.99
90.7821
115.807
91.8222
106.621
94.0596
110.843
99.5531
111.209
95.7873
Control Period 
95.7873
105.885
100.933
92.6457
101.335
91.9509
123.924
90.2602
115.957
91.4741
109.995
Control Period 
109.995
91.6611
112.443
95.4989
110.518
97.2693
99.9149
115.026
91.7252
111.566
Control Period 
111.566
92.0263
126.156
91.5648
121.156
90.009
104.883
91.4473
106.179
104.077
103.856
Control Period 
103.856
105.24
106.072
103.707
111.515
99.3203
97.826
109.854
88.236
111.777
92.9678
Control Period 
92.9678
114.608
91.6534
116.383
91.4984
119.647
91.5978
125.797
89.7337
99.0789
96.4392
Control Period 
96.4392
98.7976
106.507
91.6997
123.019
91.4243
107.503
92.094
110.676
93.8492
Control Period 
93.8492
110.572
97.7988
109.364
99.8593
113.321
98.8137
114.398
100.417
104.029
105.397
Control Period 
105.397
97.6689
109.272
91.572
113.366
91.7026
114.616
93.0982
109.643
91.0873
124.731
Control Period 
124.731
91.4914
124.991
91.7895
109.596
93.0912
110.873
93.1337
114.965
92.9039
110.84
Control Period 
110.84
99.8736
113.565
95.7675
115.034
95.646
117.361
91.845
119.731
90.3914
Control Period 
90.3914
103.879
94.0711
97.5345
99.5134
91.8529
107.693
97.3632
113.068
91.6967
115.279
Control Period 
115.279
91.5538
112.594
91.3614
117.901
99.1645
107.7
103.055
105.759
97.8197
108.679
Control Period 
108.679
96.2918
101.558
96.4411
116.425
100.906
107.227
96.4253
111.757
91.8341
Control Period 
91.8341
113.418
91.8009
118.779
95.3732
112.717
108.842
99.5107
114.909
95.1605
110.285
Control Period 
110.285
93.1329
118.964
93.9163
110.016
95.4879
113.773
102.602
107.556
91.2931
Control Period 
91.2931
117.444
91.8245
117.627
91.9793
113.289
91.9353
102.756
105.147
102.042
114.862
Control Period 
114.862
93.8396
118.674
88.9595
116.551
91.9707
115.785
91.8676
107.429
91.7917
Control Period 
91.7917
103.191
98.9194
109.744
107.631
101.798
113.794
87.2105
119.742
90.9672
116.469
Control Period 
116.469
91.2768
117.57
90.9794
91.6922
115.681
101.344
103.94
96.5826
97.1636
110.151
Control Period 
110.151
93.7426
115.222
91.9262
118.652
94.2304
108.77
104.139
101.639
112.544
Control Period 
112.544
93.747
120.014
91.7575
110.117
91.9683
113.762
97.0431
115.089
87.3428
118.793
Control Period 
118.793
91.0703
116.443
91.1694
129.045
91.8286
122.524
91.7214
115.218
96.6823
Control Period 
96.6823
109.814
100.498
106.184
102.674
101.125
91.7133
114.145
95.3999
112.812
106.446
Control Period 
106.446
104.066
120.846
90.6081
117.416
90.9574
126.491
91.7429
126.458
91.7226
115.158
Control Period 
115.158
105.169
103.78
105.285
84.7554
98.1118
105.353
116.026
93.2291
119.907
91.4378
Control Period 
91.4378
117.652
91.7469
112.049
91.8334
106.408
96.5291
108.647
107.718
101.699
Control Period 
101.699
115.28
88.3371
116.931
91.755
116.831
91.795
113.11
91.7031
108.518
92.9681
Control Period 
92.9681
104.505
103.979
104.952
115.011
94.0824
117.466
91.6891
114.473
95.3946
Control Period 
95.3946
108.606
91.7536
102.791
100.179
93.7933
112.661
94.5584
115.133
91.9374
117.544
Control Period 
117.544
97.9437
107.507
105.194
100.653
117.62
91.8526
113.875
91.6068
115.219
Control Period 
115.219
91.5842
115.164
100.437
106.237
93.0229
116.26
93.1127
117.428
91.6908
117.543
Control Period 
117.543
91.68
111.034
91.7689
114.227
101.446
107.351
113.967
95.5199
96.7769
Control Period 
96.7769
Control Period 
96.7769
