79.9385
97.6792
Control Period 
97.6792
101.543
97.5956
101.182
100.378
100.023
101.192
98.1281
101.408
96.0088
100.828
Control Period 
100.828
100.65
96.7157
101.087
95.9183
101.577
100.371
100.31
100.301
95.846
100.279
Control Period 
100.279
101.117
100.445
100.123
96.1547
101.154
96.7626
101.296
100.644
97.0031
100.189
Control Period 
100.189
98.2658
100.573
79.5421
101.602
101.572
100.947
97.4597
101.625
96.5158
100.97
Control Period 
100.97
96.5079
100.478
100.556
101.54
100.345
96.4208
101.37
98.1764
100.499
100.442
Control Period 
100.442
100.766
101.678
96.2424
101.02
98.3662
73.9607
101.533
101.599
96.8887
102.392
Control Period 
102.392
97.3245
101.598
102.017
101.232
100.591
96.2451
101.379
100.206
100.491
101.445
Control Period 
101.445
96.4182
101.746
97.4425
101.013
99.62
100.851
101.153
102.573
100.896
96.7664
Control Period 
96.7664
100.861
97.4036
101.204
100.908
100.732
101.007
96.3642
100.479
97.5327
100.527
Control Period 
100.527
100.753
96.3802
100.65
97.6904
101.01
102.263
101.044
102.397
100.691
101.967
Control Period 
101.967
96.3568
101.423
97.7808
102.82
97.6817
102.034
102.045
101.872
100.736
102.501
Control Period 
102.501
102.631
97.8498
102.058
98.1759
102.33
97.4535
101.602
100.938
101.839
100.769
Control Period 
100.769
96.2764
101.478
98.6196
101.593
100.679
100.347
101.236
96.6606
101.607
100.356
Control Period 
100.356
101.821
102.959
96.6286
102.194
97.7357
101.744
101.955
100.542
103.038
101.453
Control Period 
101.453
101.502
96.5267
100.721
99.9894
102.69
100.743
101.723
100.604
99.2456
102.807
Control Period 
102.807
96.5814
101.78
97.2977
101.537
100.756
102.924
101.2
101.877
101.185
97.3869
Control Period 
97.3869
102.433
97.8667
102.865
97.8623
101.106
101.257
100.799
101.034
97.1183
101.185
Control Period 
101.185
97.6822
101.284
100.966
102.239
101.187
96.8477
101.6
99.8106
102.585
101.112
Control Period 
101.112
101.885
100.955
96.8761
101.56
101.316
100.679
79.9187
101.802
97.6896
101.705
Control Period 
101.705
101.332
101.713
100.943
96.9324
101.745
97.2276
101.818
102.107
101.008
101.266
Control Period 
101.266
97.4605
102.214
97.3328
101.807
101.724
101.676
100.98
97.5223
102.182
97.3687
Control Period 
97.3687
101.627
101.3
102.151
101.927
97.6785
102.193
97.1642
101.797
101.479
100.807
Control Period 
100.807
101.788
97.3265
101.541
98.9284
101.774
101.004
102.137
101.521
97.9794
Control Period 
97.9794
102.336
97.6176
101.566
98.7526
100.279
101.232
97.9109
101.464
98.1072
102.2
Control Period 
102.2
98.6736
101.951
101.571
100.527
101.037
96.6437
101.794
97.6526
101.751
100.263
Control Period 
100.263
100.434
101.696
101.937
101.554
96.909
101.617
101.651
102.271
100.695
102.505
Control Period 
102.505
101.5
97.3588
101.09
97.1865
101.732
100.922
101.597
101.567
96.6844
101.544
Control Period 
101.544
100.03
102.105
102.058
102.087
100.769
96.9431
101.626
98.0949
101.671
102.3
Control Period 
102.3
101.495
101.579
100.827
101.096
97.5443
101.523
100.059
102.071
101.295
101.748
Control Period 
101.748
100.928
96.9522
102.117
101.086
78.4146
99.7155
101.268
97.5182
102.143
100.674
Control Period 
100.674
101.323
100.893
97.2241
102.318
97.7547
101.388
100.186
101.862
102.33
101.957
Control Period 
101.957
102.367
98.2218
101.628
97.713
102.723
101.166
102.309
101.215
78.2797
97.8722
Control Period 
97.8722
102.931
97.8459
101.293
101.947
102.355
102.515
101.193
102.338
97.6044
101.359
Control Period 
101.359
97.2395
101.94
102.476
102.228
102.28
101.039
102.921
98.0012
101.903
97.8051
Control Period 
97.8051
101.893
102.296
102.317
102.404
101.717
102.635
97.3334
101.891
97.8172
101.902
Control Period 
101.902
101.422
101.466
101.34
97.357
101.505
97.9284
101.544
102.109
101.816
102.216
Control Period 
102.216
101.617
102.423
97.2742
101.726
97.6015
101.431
101.254
102.854
102.239
101.262
Control Period 
101.262
102.145
98.6315
101.369
96.5056
100.229
100.861
101.022
101.066
96.592
100.347
Control Period 
100.347
100.667
100.547
101.013
96.551
100.054
98.8233
100.036
101.087
96.3334
100.091
Control Period 
100.091
97.6436
101.344
101.22
99.0684
100.485
97.4622
101.412
100.876
98.5218
100.686
Control Period 
100.686
96.4862
101.504
100.737
101.107
100.924
96.5358
101.646
97.329
101.268
100.693
Control Period 
100.693
99.9713
101.174
96.8453
102.532
101.347
101.374
101.229
101.837
102.627
102.145
Control Period 
102.145
102.182
102.29
97.9203
101.983
97.7003
101.714
101.229
101.639
102.254
102.267
Control Period 
102.267
102.379
98.5277
102.407
97.7088
101.535
99.1684
101.218
101.942
101.372
102.48
Control Period 
102.48
99.5399
102.704
97.4796
101.588
97.8063
101.491
102.099
101.687
102.401
101.324
Control Period 
101.324
102.594
97.6404
101.904
97.8103
101.658
101.319
102.752
102.263
102.679
102.359
Control Period 
102.359
99.6807
102.18
97.8346
101.667
97.651
101.893
102.038
101.133
102.407
Control Period 
102.407
101.876
102.309
97.0148
101.743
97.8514
102.271
101.125
101.864
102.319
97.4847
Control Period 
97.4847
101.734
97.727
101.291
101.064
101.543
102.441
101.829
100.323
99.7659
98.667
Control Period 
98.667
Control Period 
98.667
