187.567
162.178
156.823
157.001
157.948
157.177
157.003
157.305
157.69
172.697
166.167
Control Period 
166.167
165.404
169.471
158.859
168.529
166.384
158.791
166.538
165.129
161.341
167.738
163.214
163.889
Control Period 
163.889
169.407
165.184
160.619
167.357
163.038
162.663
168.031
162.977
162.802
167.805
163.203
162.366
Control Period 
162.366
167.44
164.553
162.028
167.666
162.668
162.642
167.726
159.456
165.993
168.189
161.518
166.848
170.409
Control Period 
170.409
161.018
163.432
173.773
167.322
159.155
167.135
167.461
159.929
167.132
162.804
162.269
167.006
Control Period 
167.006
159.494
168.185
168.192
158.468
167.868
167.844
158.854
167.683
165.26
160.841
168.884
163.397
Control Period 
163.397
163.032
167.4
162.502
161.836
167.505
161.367
165.112
163.091
167.727
162.519
162.055
170.466
Control Period 
170.466
162.465
166.393
168.525
161.534
168.218
167.973
159.95
168.279
167.933
159.846
168.535
166.611
Control Period 
166.611
162.224
167.286
163.744
163.261
167.974
161.559
164.577
168.404
159.087
166.997
167.301
159.241
Control Period 
159.241
168.669
164.627
162.851
170.367
164.198
163.038
168.438
161.333
164.702
168.875
161.47
164.777
Control Period 
164.777
169.025
161.422
165.127
168.805
160.857
169.599
168.389
158.848
167.428
164.038
162.513
168.695
163.498
Control Period 
163.498
163.275
168.226
159.078
168.016
163.821
165.189
169.742
163.99
162.776
168.538
159.39
167.126
Control Period 
167.126
167.233
160.474
167.911
164.081
163.831
168.691
161.223
166.013
168.413
159.52
167.992
168.359
Control Period 
168.359
159.454
170.062
165.967
162.278
168.853
163.73
163.952
168.954
164.195
163.631
168.736
170.087
Control Period 
170.087
167.863
169.086
160.66
165.986
168.879
160.092
167.661
168.612
160.694
168.261
164.263
163.534
Control Period 
163.534
168.938
163.946
163.177
169.258
161.436
167.943
167.184
160.975
168.755
164.157
163.449
169.004
Control Period 
169.004
163.167
163.642
168.747
161.033
165.66
168.907
160.114
167.968
164.175
163.012
168.456
163.22
Control Period 
163.22
163.545
169.056
159.355
167.271
166.865
163.823
170.313
165.16
163.987
169.205
161.597
165.646
Control Period 
165.646
169.623
159.905
167.132
169.202
160.153
168.258
169.161
160.51
167.993
167.075
160.637
168.589
Control Period 
168.589
164.365
163.756
169.665
163.91
164.022
168.753
162.954
165.032
175.147
169.703
164.253
164.117
Control Period 
164.117
168.71
164.88
163.723
169.331
161.532
165.127
169.125
159.721
168.46
168.044
160.274
167.443
Control Period 
167.443
167.84
160.652
168.402
164.368
163.566
168.595
165.143
163.661
169.662
163.276
164.923
168.843
159.643
Control Period 
159.643
168.1
168.804
160.324
167.992
166.783
161.952
169.404
163.847
164.171
168.423
165.204
163.036
Control Period 
163.036
170.063
163.343
166.783
170.098
161.991
167.494
169.123
162.708
170.102
168.349
160.345
168.937
Control Period 
168.937
164.099
162.998
169.948
161.622
166.174
169.59
160.88
166.416
169.226
160.263
168.825
166.702
Control Period 
166.702
161.36
169.147
165.208
163.05
168.628
164.464
163.924
168.374
160.049
168.03
168.17
160.35
Control Period 
160.35
169.631
165.711
163.468
169.523
165.832
163.355
168.568
165.272
165.848
168.232
160.523
170.281
Control Period 
170.281
168.69
159.816
168.51
164.822
164.307
168.85
164.554
163.302
168.838
164.207
164.779
168.425
Control Period 
168.425
163.122
164.85
168.739
162.782
167.671
168.011
161.345
168.29
166.586
164.353
170.145
164.079
Control Period 
164.079
164.176
168.86
161.008
167.884
168.537
159.836
167.415
165.772
161.927
169.129
164.44
163.798
Control Period 
163.798
168.722
164.467
164.446
168.423
165.342
169.274
162.223
169.896
165.743
164.391
168.969
164.179
Control Period 
164.179
163.329
168.452
164.378
163.185
170.645
159.34
168.175
168.463
159.959
169.012
163.763
163.156
Control Period 
163.156
170.639
163.567
162.464
168.181
159.402
167.276
167.057
161.535
167.831
169.247
174.242
159.763
Control Period 
159.763
167.53
164.113
163.669
168.229
163.669
163.614
168.324
159.54
167.965
167.738
159.631
167.485
Control Period 
167.485
163.946
163.751
168.442
164.097
163.218
168.595
159.762
167.675
168.866
159.526
167.564
164.203
Control Period 
164.203
163.424
168.696
163.925
163.65
168.328
159.51
168.057
167.663
159.885
167.998
163.93
163.216
168.52
Control Period 
168.52
163.229
163.736
175.928
169.529
163.134
168.151
159.242
167.438
168.403
159.311
167.289
163.747
Control Period 
163.747
162.829
168.177
163.805
163.3
168.113
159.19
167.297
167.271
159.733
168.149
163.578
162.816
Control Period 
162.816
167.753
161.453
165.967
171.203
160.031
168.032
168.919
160.113
168.137
168.924
160.201
168.075
Control Period 
168.075
168.705
160.134
168.146
167.503
159.651
167.961
166.374
161.101
168.223
165.369
161.813
168.054
Control Period 
168.054
165.726
161.792
168.034
164.467
163.121
170.082
167.268
161.179
167.982
163.867
162.758
167.973
Control Period 
167.973
163.786
162.589
168.069
163.84
162.799
168.301
162.788
162.951
168.327
160.439
165.64
168.296
Control Period 
168.296
159.228
167.213
168.549
159.538
177.425
173.515
161.667
174.649
173.458
166.921
164.691
168.12
Control Period 
168.12
159.143
167.25
167.963
159.439
167.789
163.724
162.878
168.127
162.674
164.253
168.371
159.264
Control Period 
159.264
167.381
165.562
161.245
167.953
163.609
162.963
168.074
160.361
166.591
167.952
159.136
167.203
Control Period 
167.203
164.96
161.695
168.294
163.723
162.781
168.117
159.262
167.289
168.054
159.044
167.297
163.812
162.362
Control Period 
162.362
168.096
163.998
163.161
167.97
159.28
167.444
167.306
159.933
167.93
163.729
162.748
168.122
Control Period 
168.122
160.407
166.09
167.9
159.109
167.322
163.587
162.613
168.38
163.569
162.436
168.527
159.113
Control Period 
159.113
167.256
167.191
159.829
167.66
163.866
171.372
172.361
163.985
163.029
167.931
163.982
163.435
Control Period 
163.435
168.067
159.247
166.955
167.325
159.917
167.436
163.762
162.839
168.393
160.195
167.998
122.152
124.86
Control Period 
124.86
115.43
113.27
Control Period 
113.27
