0.704512
9.52422
9.54675
23.1895
6.70925
25.7004
27.8077
18.6235
32.3779
9.54778
23.1864
32.3932
9.54982
27.7565
32.3922
11.7647
32.3246
30.0984
16.5714
32.3912
11.8313
21.1354
32.385
0.109568
25.7147
32.3973
11.7729
30.294
32.3912
16.34
32.3922
9.53856
26.8759
32.6318
15.1839
32.5171
4.84454
27.862
32.4905
14.8265
Control Period 
14.8265
32.4567
9.56723
30.5859
25.643
25.4771
32.4844
7.57555
32.4475
1.9927
26.026
34.9102
18.6604
37.0268
9.96147
34.7525
11.8385
23.7036
32.468
12.3105
32.4413
9.56314
28.416
30.2469
21.4938
32.5509
14.6739
32.5612
21.162
23.6841
34.8764
16.3861
34.8785
9.54675
35.1375
18.73
19.5103
32.4803
14.1189
32.5059
9.56416
30.1148
30.3176
Control Period 
30.3176
21.4047
32.5233
16.769
32.4168
11.8477
32.4649
25.5724
25.6072
34.8375
19.1232
34.9921
14.0943
36.9961
9.56416
32.5437
14.1261
25.6133
32.4495
19.1222
34.8733
14.1128
36.9582
9.5447
36.9613
9.56211
27.8446
32.4792
19.1232
32.4884
12.2132
34.7443
9.5529
34.8385
9.55085
30.4548
27.8825
21.0227
32.468
12.2839
32.4424
9.57235
32.4506
11.8538
Control Period 
11.8538
27.9828
30.2029
23.1322
32.5099
18.6706
32.4854
12.2675
32.4905
9.5703
34.8713
9.55904
32.5755
9.55494
30.294
23.3021
23.2991
32.427
16.8899
34.7116
14.1128
34.8703
10.1079
37.0493
9.56211
32.4332
1.99373
26.0966
33.8371
21.5368
34.8436
18.7095
34.8488
16.4127
34.8252
8.61798
32.4506
11.0868
32.5284
14.3432
30.1824
27.9101
25.9564
27.946
23.8305
32.5868
23.2325
Control Period 
23.2325
32.555
19.3085
32.5059
14.5746
32.4567
9.96864
32.4618
9.56416
37.0391
10.3936
34.7505
11.8579
34.8344
6.27814
37.0053
9.53856
32.6646
9.54982
30.6739
15.1808
30.1414
18.7464
28.3136
21.0606
27.9501
25.6051
28.2522
30.1476
21.4077
32.4465
16.8172
36.9449
16.382
36.9848
11.7504
32.4966
13.8967
32.5028
9.5744
32.469
9.57542
32.4096
9.56928
32.8755
9.55699
32.9011
14.1179
Control Period 
14.1179
27.9214
23.3001
25.5928
32.5622
25.9717
30.1281
27.8313
21.0463
30.078
16.4526
32.4076
0.12288
28.3761
21.0319
26.0864
30.2971
27.8467
23.3339
27.8467
18.7433
30.5572
16.428
30.3043
1.99373
28.4621
23.3052
26.0311
28.0207
27.8364
23.3359
28.244
18.7218
32.3666
14.1179
30.8091
5.78355
26.0905
32.4301
26.1622
28.0095
27.8446
21.0463
29.2188
16.4291
30.2961
11.8303
28.4201
18.7156
Control Period 
18.7156
27.905
27.9941
28.3269
14.1701
32.4188
9.56416
36.9183
6.71334
34.7515
9.55085
32.5171
10.0086
32.4823
9.55904
32.514
5.67501
34.9102
14.5531
34.7433
18.6726
32.5212
23.2397
32.4854
21.0196
32.5673
26.2963
30.2909
25.6461
27.8497
25.5795
32.4076
28.2911
16.4639
30.5388
9.57338
34.8488
9.54675
34.7699
2.93478
32.5335
9.58054
32.4741
9.56723
32.4219
11.7996
37.0125
16.3727
32.5325
20.9254
32.4782
24.1541
Control Period 
24.1541
32.4618
23.849
32.6461
28.2491
11.8569
32.4311
9.56416
34.8938
11.8118
32.513
17.7469
32.4854
18.1965
32.4649
23.3042
32.5857
28.3054
11.8753
32.4321
9.55494
34.8785
12.3167
32.5233
18.7945
32.4731
21.0176
32.4598
23.294
34.6726
28.2132
11.8712
32.4588
9.57235
37.0125
12.2634
32.555
10.4202
32.47
21.0002
32.4332
23.2919
32.5509
28.2839
9.56723
34.6839
9.54778
36.9971
14.0943
32.512
21.5347
32.4803
21.4774
Control Period 
21.4774
32.4782
23.767
2.96858
30.5807
9.56621
34.857
10.0045
32.4803
18.7832
32.4598
20.5199
32.4618
26.0751
1.08544
32.4311
9.56006
34.8426
12.2368
33.5503
18.7075
32.5427
23.8848
27.8886
27.9235
21.2081
32.47
9.56723
32.4454
12.1979
34.8897
19.1212
32.5509
26.1489
16.4188
30.7374
9.55494
32.4762
9.57235
32.426
14.1322
34.9389
20.9889
32.5233
27.9624
11.8333
33.5258
1.98349
32.5427
11.8323
32.4342
14.5613
34.8733
21.3791
30.2223
Control Period 
30.2223
28.3249
9.54982
34.8836
12.8088
32.5028
21.4804
32.4362
23.9094
2.02547
32.4731
9.57235
36.9654
17.7875
34.7945
26.9271
11.8733
37.035
10.9676
32.5376
16.4116
32.4588
23.3288
2.98291
30.5449
9.56006
36.994
16.0995
32.5366
23.2274
23.3165
34.732
0.11776
32.5284
11.819
32.4884
16.4239
34.858
26.5508
16.4239
34.8457
9.55085
37.0319
16.9908
32.4925
28.3802
18.731
30.6606
9.5703
32.5028
12.3156
36.9654
21.3914
27.9368
31.5075
9.54061
Control Period 
9.54061
36.9838
12.6167
32.5396
25.7679
21.0299
30.7323
9.5703
32.5018
14.6033
36.9633
27.7373
18.7689
34.8518
5.87482
33.5647
20.0684
32.4721
30.3432
9.54778
32.5151
11.8405
32.4721
21.5132
26.6619
32.4393
9.54163
34.8938
18.9565
32.5151
27.9521
2.00192
32.5458
10.0004
32.4424
18.7187
36.9623
29.8723
9.56826
34.9184
7.24345
32.5089
21.5224
25.5724
30.1916
12.0433
32.4495
12.3156
33.8401
21.4262
25.6328
32.4004
9.55392
34.8969
20.8376
32.5089
30.1251
3.87072
32.5222
9.99322
Control Period 
9.99322
32.4762
18.7095
34.8539
33.2737
9.56518
34.8672
16.3014
32.5079
27.7996
9.54982
32.5263
14.0995
32.4547
19.1724
34.858
32.465
9.56518
36.9664
17.6337
32.4731
27.9347
0.103424
32.5079
16.641
32.469
23.3021
21.1302
32.469
11.8282
34.8969
26.3514
23.3492
35.0966
4.09421
32.4741
19.2788
27.8589
30.1558
14.0954
32.4301
14.5848
36.9623
29.6872
18.7535
36.9521
13.9492
32.5448
23.381
21.0156
32.4792
14.1097
32.4454
16.4239
34.8559
28.8548
9.5703
34.8406
16.081
Control Period 
16.081
32.5325
26.154
9.55494
32.4792
18.7803
32.4772
25.5805
21.1589
32.5048
12.204
34.8303
29.2387
18.7197
34.8621
12.2408
32.5243
24.3574
16.4024
32.5171
13.4744
32.4813
21.0299
30.2787
32.4086
10.9891
34.8979
24.1684
25.6072
35.0966
13.6564
32.5212
23.7875
27.8395
30.6944
9.56314
32.4352
18.7023
34.8733
34.594
9.55699
34.859
25.6849
32.5192
33.9339
9.54573
32.5089
22.204
32.4567
28.3382
9.57133
32.468
18.6962
34.8877
35.2952
9.55699
37.0115
24.3963
32.5263
29.4211
9.54982
Control Period 
9.54982
32.5294
16.4137
32.4352
28.0413
9.56109
32.4311
14.9217
37.0309
38.2819
3.89632
34.9624
23.8745
32.512
30.7907
10.5508
32.4925
17.8796
33.7807
31.29
9.56416
34.7064
21.8669
34.7464
33.6176
9.54675
32.5458
23.0934
2.96653
32.4874
14.1066
32.4444
20.2369
32.5755
32.469
2.42176
34.8334
29.9633
23.3718
34.8559
17.5457
32.5284
23.3595
16.4178
32.4915
15.3288
32.4915
22.4579
25.5191
32.4792
11.3475
34.8887
32.2735
16.4301
34.8815
19.8118
32.556
25.6696
9.55187
32.4884
14.7712
23.2919
Control Period 
23.2919
32.4895
11.5683
32.4536
26.2602
14.1691
34.8467
22.2266
32.4844
33.1825
9.55699
32.5591
21.8774
32.4762
32.9163
9.56314
32.4772
15.9848
32.5898
36.4168
9.67488
36.9889
30.9777
20.994
37.0135
20.9686
32.4905
27.8039
18.7075
32.4946
13.8088
33.793
29.7158
11.8518
34.8508
23.0964
32.5079
32.5398
9.5488
32.5243
21.2655
23.3093
32.5089
11.9789
32.4915
22.4995
23.2735
32.4413
17.1046
34.8529
35.5754
9.54368
37.0268
22.6371
32.5355
30.9132
11.8415
32.5335
15.055
36.9684
38.3638
6.73485
34.8754
Control Period 
34.8754
27.6819
30.2326
34.8058
19.5457
32.553
28.9389
9.55187
32.5366
17.6156
32.4465
31.0444
1.0752
32.4321
23.6583
32.4936
34.7167
16.9604
32.514
28.6573
9.55494
32.5089
23.0435
32.4301
32.9153
9.55802
32.469
24.0996
25.644
33.8002
17.8026
32.5069
29.1386
9.55699
32.5192
24.8191
30.1814
32.4874
12.5652
32.4332
25.9838
22.059
32.4588
17.1056
36.9838
37.5519
9.54573
34.8948
27.5664
32.5018
31.9915
9.55904
32.4946
21.8755
34.6941
39.1742
9.56314
36.9592
31.0822
23.3544
37.0084
20.9697
32.5745
Control Period 
32.5745
28.73
9.54368
32.5212
19.5469
32.4403
34.3228
9.56416
34.7218
31.9695
18.7597
36.994
24.2634
32.5161
34.946
9.54266
32.5325
27.844
21.0074
32.5376
18.818
32.4782
31.6072
9.56314
33.7848
26.6798
25.6573
34.8826
23.1612
32.5304
31.6655
9.5488
32.4946
22.9779
32.4465
33.6647
12.5652
33.8381
31.2571
11.8815
36.949
26.5285
32.4905
39.3635
4.98144
32.47
30.5785
2.01728
32.4864
18.8211
33.8022
34.598
9.56621
34.8621
30.3871
32.5396
39.7834
6.0983
32.4956
30.4045
11.8559
32.5171
19.5828
32.4444
33.86
9.5744
Control Period 
9.5744
34.6788
31.0659
21.0586
34.8723
22.4669
32.514
36.508
6.8087
32.4936
29.0539
3.89427
32.4803
18.3259
34.8467
36.9502
9.55699
36.949
32.6583
23.3574
36.99
22.9815
32.4936
36.1824
9.56723
32.5284
25.7372
30.1189
32.4731
20.0923
36.9869
42.8057
9.56211
34.8846
33.948
16.4424
33.5708
25.4665
32.4669
34.3628
12.0443
32.4588
28.0278
23.255
32.47
22.4055
37.0401
44.2388
9.54675
34.7638
31.7384
9.55494
32.5478
24.8805
30.1701
33.4475
15.5826
32.4495
30.3021
9.57133
32.4608
25.7854
27.9306
36.9531
21.1854
Control Period 
21.1854
32.4884
34.1999
9.5447
32.5519
30.7047
20.9971
32.5304
20.2911
32.4137
36.8303
9.56621
34.8529
34.9848
14.1558
37.0094
28.5408
32.4977
40.8448
17.558
32.5263
30.615
14.122
32.512
21.5582
36.9674
42.289
3.95526
36.9879
36.9572
14.167
37.0012
30.1005
32.4813
40.4014
14.5427
32.4936
28.4733
17.8156
32.4424
16.9344
36.9623
42.2378
7.7287
37.0002
36.951
2.00704
34.8826
29.1097
32.4966
37.3503
15.5468
32.4803
28.993
30.1681
32.4762
21.2245
34.8477
41.8231
9.56518
36.9828
35.9746
16.4413
37.0125
30.1025
Control Period 
30.1025
32.4567
34.902
12.0515
32.4956
31.0002
18.8334
32.4198
24.809
32.4239
35.4311
22.2429
34.7587
40.3443
11.5508
32.51
36.5099
9.55904
32.51
25.8735
27.8589
32.4956
19.8272
34.8641
40.5437
9.57133
37.0033
35.6849
21.0268
34.9153
28.2685
32.512
40.5459
13.5488
32.511
29.0196
27.8292
32.4639
23.5029
34.8682
44.288
11.5672
34.9952
40.1408
9.56518
37.0719
37.0534
16.4792
33.8002
27.3891
27.9214
36.9695
24.1373
32.5233
38.2122
9.5447
32.4813
34.5816
16.3973
32.4874
22.5674
36.9777
44.2634
11.559
34.8815
36.4006
9.56314
Control Period 
9.56314
37.0084
32.3697
27.8958
37.0545
26.82
32.4301
36.154
12.0668
32.4915
30.9961
14.1691
32.4475
25.9135
25.6348
34.8621
30.8077
32.5509
39.9583
12.5447
32.4977
36.5273
9.55597
32.4731
26.428
32.4403
43.1937
8.90042
36.9705
39.3862
2.01421
36.9951
33.3789
27.9429
37.0063
27.8159
32.4987
42.1855
11.5683
32.4782
24.9166
25.6993
32.4311
26.5172
37.0053
45.2737
12.5601
34.9051
39.4262
9.54266
32.5417
29.7843
20.994
32.5315
23.1251
32.4372
37.8559
7.68512
34.7054
33.9859
6.73485
36.9951
33.5367
32.5192
41.5396
21.5468
32.4854
Control Period 
32.4854
34.7352
9.55597
32.5079
31.1949
28.03
36.4956
24.0943
34.8652
46.8292
10.5652
34.9215
40.5337
9.56109
34.7648
32.1252
16.4116
32.4874
27.2503
32.4669
40.3965
13.5611
32.4413
35.6216
9.57338
34.8221
36.0792
16.47
34.9204
33.5613
30.2121
42.9807
20.8769
32.4997
33.7844
7.31648
32.47
30.6849
25.5416
32.4485
27.3932
27.9347
35.8703
28.7955
32.5284
39.6239
3.09626
32.5233
36.7321
2.9225
32.4495
30.9746
23.4527
32.4352
27.4372
32.4157
40.4321
21.819
37.0053
43.0209
9.55392
32.5161
34.8029
9.55597
32.469
33.8143
4.82816
32.5345
Control Period 
32.5345
26.1005
34.8416
44.2993
13.5621
36.9992
40.4508
9.55904
34.9
34.812
23.3124
33.5124
29.6817
32.4751
40.3679
18.1332
32.4618
33.4518
9.56518
32.4321
29.1314
18.7668
36.951
30.5834
30.2285
40.8375
26.5498
32.4741
36.2902
11.5508
32.4915
30.1723
25.5508
32.425
27.4219
30.3247
40.4782
18.0333
34.9358
42.9758
9.55597
32.5253
35.7937
9.55085
32.513
34.8141
16.4035
32.5018
25.5725
34.8621
48.2593
5.99066
36.9797
40.4241
0.115712
34.8764
34.7987
23.3411
33.5647
29.7196
32.4997
39.3884
18.1261
32.4485
33.4344
9.5703
32.468
29.0751
Control Period 
29.0751
16.4495
36.9398
33.59
30.2162
40.9869
28.0291
32.4721
41.03
14.5549
32.514
34.9695
21.0248
32.4854
29.7402
18.7238
32.4628
28.7864
21.0637
36.9777
34.0943
32.5325
44.9789
21.5539
32.4762
40.2839
12.5468
32.4659
26.4307
21.1579
32.4383
28.7823
30.1568
33.4669
27.5674
30.2326
41.0012
28.1089
32.5407
42.1107
14.5601
32.5202
36.3134
14.3319
32.4813
30.0976
9.58464
32.4465
31.1345
1.08442
34.8959
33.5439
30.2531
38.8662
27.9758
32.4567
41.0197
14.5529
32.4997
33.992
23.4752
32.4762
27.9421
25.7024
32.4332
27.3809
25.6297
34.8611
30.2982
Control Period 
30.2982
32.514
43.25
19.5468
32.5161
36.2847
10.9404
32.4598
31.1908
2.97984
32.5018
30.6788
18.7832
34.8703
35.549
27.9429
40.0094
30.817
32.5069
43.4621
17.5468
32.4946
34.0278
18.8969
32.4659
31.7064
18.7453
32.4669
31.8212
23.3441
34.8774
34.1005
32.5345
44.5386
24.5529
32.5161
40.4907
6.94093
32.5059
32.1549
12.7314
32.4608
28.8571
23.4097
33.8371
31.6289
27.9368
37.8846
30.7955
32.5059
42.417
10.006
32.4526
36.2919
16.4465
32.4813
32.1601
14.1414
32.4321
32.6614
18.7423
36.9664
35.5756
27.9224
39.9981
24.2142
32.5161
42.5061
14.7369
Control Period 
14.7369
32.4936
33.9992
16.5939
32.4444
34.7187
18.7423
33.8196
33.7567
21.0565
34.8611
30.0481
27.9101
37.9746
31.3034
32.4454
43.375
19.0443
32.425
37.3267
9.56621
32.47
36.4456
9.56006
36.9756
36.9023
16.4772
37.0166
37.3881
23.3093
32.5315
34.6225
0.100352
32.5007
27.1169
32.4424
44.3812
16.5611
34.8498
42.4442
9.57338
34.8918
41.1171
11.8538
34.7249
35.2297
5.77741
32.5274
30.425
25.602
32.51
27.1107
37.0156
51.2696
7.13619
37.0176
45.253
2.00602
37.0309
39.9633
5.78867
32.5478
38.2253
9.55494
32.5335
32.7361
25.5683
32.4628
29.4116
28.0125
Control Period 
28.0125
36.4403
27.6084
30.2019
40.7208
29.8077
32.5253
46.3789
20.5519
32.4372
40.7536
12.5457
32.4639
34.1642
18.6624
32.4137
32.0638
14.167
34.8662
36.8212
18.7464
34.8877
36.5797
27.9101
35.5421
30.6335
30.1486
40.5243
27.1507
32.4342
38.7179
9.56723
33.7951
39.2602
6.73178
34.8867
41.1058
11.8804
34.903
37.8192
18.7331
32.5837
32.0568
18.7085
32.5335
29.6739
33.8319
45.6104
20.5549
34.8508
43.7117
9.55802
34.8785
41.418
9.56314
32.5478
34.5562
9.55392
32.4874
33.327
20.1073
32.4751
29.8192
17.4664
32.4434
32.6962
18.731
36.9848
36.3932
23.3513
Control Period 
23.3513
37.0012
36.0769
30.1763
43.4694
28.9394
32.4813
40.1212
6.88198
32.425
34.9951
9.56621
34.8529
40.0915
9.56109
37.0186
39.6614
14.1486
33.5606
35.2415
14.1281
32.5417
36.5019
20.993
32.5059
30.5521
32.4014
44.4895
25.82
34.8867
48.8467
14.5642
37.0145
45.6483
9.55392
32.5253
39.6553
6.89325
32.471
39.5805
10.9425
32.4557
36.0043
9.5703
32.4413
36.9981
9.5744
36.9695
36.89
14.164
34.8733
38.7915
18.7474
32.5202
34.906
5.76717
32.513
32.425
23.2909
32.4895
30.1066
36.9562
49.463
12.1055
34.8631
46.6974
3.87174
34.73
42.7148
9.55392
32.5745
Control Period 
32.5745
41.0577
10.5447
32.4454
37.0074
20.9459
32.4516
33.0874
11.8548
33.8135
37.6747
14.167
34.8457
37.8264
2.96038
36.9807
35.6647
21.0033
32.5202
33.0834
27.8641
37.5151
25.8252
34.8498
48.8487
8.90861
34.9
46.2796
8.60672
32.5315
40.6819
12.5488
32.5171
39.9401
10.5539
32.4915
36.198
21.1763
32.4577
33.7259
16.4608
32.4782
35.687
2.95322
34.8744
38.386
21.0145
37.0053
36.5787
25.601
32.5325
30.554
30.165
39.5007
18.3295
34.731
45.8579
15.5539
36.9756
46.6524
9.5529
33.5022
41.66
9.55494
32.4854
39.8715
10.5601
32.5192
37.5163
14.3094
32.4516
Control Period 
32.4516
35.0915
1.07827
33.8289
39.6767
6.74611
34.902
38.8294
16.427
37.0217
39.3758
18.7105
32.5212
36.9889
23.3001
32.4966
30.594
30.2807
45.4495
26.818
37.0176
50.8251
15.5549
34.9184
47.7435
9.54573
32.553
41.686
13.5519
32.4669
38.2776
12.0422
32.4803
36.4733
9.5703
32.4434
40.3975
9.56928
36.9859
42.9674
9.56826
37.0289
39.3568
9.55085
32.514
41.252
1.99168
32.51
33.4198
32.4209
43.4925
27.2184
34.8897
51.3372
18.5601
34.9143
47.7076
0.094208
32.5253
44.7729
9.76614
32.4762
41.7935
13.5529
32.4915
35.3065
11.8497
32.4547
36.9623
9.56109
36.9705
39.1674
Control Period 
39.1674
9.57338
34.9204
42.6685
14.122
32.5048
38.4815
9.55802
32.511
35.7218
16.4239
32.4608
32.9574
23.2325
32.4516
35.7197
14.1414
36.9664
39.7393
2.97472
37.0237
38.3779
21.0074
32.4997
33.9482
16.4229
32.5898
36.9092
18.7638
32.5868
33.0051
9.55392
32.5274
38.1825
2.93786
32.4936
32.8509
25.7147
33.4372
31.812
18.774
33.8053
37.8407
16.4516
37.0033
37.5952
21.0678
37.0084
37.3676
18.7576
32.4874
34.9133
23.2909
32.4516
30.5193
30.2909
42.4557
27.2542
36.9838
50.4156
16.5611
37.0268
46.5242
8.7815
32.4997
45.7699
13.5478
32.51
38.2899
12.0463
32.4383
36.4682
9.56416
Control Period 
9.56416
32.4526
37.3934
9.56416
37.0063
46.4057
4.83123
36.9961
43.3924
9.54675
32.4966
41.8879
12.556
32.4608
39.2929
14.1128
32.4454
39.4456
9.56416
34.859
42.3975
8.62208
37.0196
46.2335
9.54573
32.4977
41.6717
14.5508
32.5243
44.8876
14.5703
32.4608
37.1642
9.55904
32.4567
37.4487
9.56928
36.9705
45.95
9.56416
34.8897
43.9684
9.55802
32.5509
39.3738
10.558
32.4833
39.3032
2.93683
32.4311
39.4415
9.5703
34.818
45.2591
9.56928
34.9225
46.42
9.54368
32.5222
42.0516
12.5468
32.5202
41.813
10.7743
32.4639
37.1304
11.8518
32.4495
38.9818
9.56109
34.8908
44.4108
9.56621
Control Period 
9.56621
37.0166
41.5754
9.55494
32.511
39.8326
9.72154
32.4823
39.3021
14.1343
32.4485
38.4282
9.56621
34.8314
42.3811
9.56723
34.8918
45.9582
9.54982
32.5048
41.4822
10.5539
32.5007
41.8027
14.5478
32.5202
37.1549
9.56621
32.4639
39.0223
9.56723
36.9992
43.0505
3.89222
37.0452
44.6614
14.1292
32.5212
37.1415
9.55187
32.5202
38.9879
18.8795
32.4239
37.074
9.56518
34.6972
41.0464
5.78867
36.9818
43.6634
11.8456
34.7781
39.9142
9.55699
32.5878
38.6699
9.56723
32.553
42.6875
5.09523
32.5048
48.6063
13.9866
32.4465
40.7517
11.156
32.4454
40.2735
9.56621
34.7095
45.2356
9.55597
Control Period 
9.55597
34.8805
45.3934
9.54982
32.5448
41.9738
4.98451
32.4741
43.8938
14.5703
32.4649
37.1027
9.56211
32.4352
37.3535
9.56109
36.993
45.9633
9.57542
34.9071
43.949
0.1024
32.4741
40.6248
9.54982
32.5028
37.5419
14.0902
32.4137
37.4129
9.56723
34.688
40.4662
9.56928
37.0237
45.9613
3.86662
32.4874
39.3943
10.5529
32.4966
43.8753
14.559
32.4895
37.1744
9.5703
32.4587
37.375
9.56006
34.8744
45.9541
7.67693
37.0176
43.9603
9.56928
32.5161
42.6605
9.58566
32.4536
37.418
14.334
32.4772
39.0371
2.96346
34.6778
42.9644
9.56416
36.9889
44.0741
9.54778
32.4547
37.5132
9.5488
Control Period 
9.5488
32.5294
33.7418
9.54573
32.4547
39.462
8.6272
32.4577
42.7271
11.5601
34.8611
49.2284
9.55802
37.0432
47.252
10.5447
32.5028
44.6768
7.04653
32.469
43.296
12.0586
32.4321
41.2929
9.56826
36.9756
47.2806
9.5703
34.8641
48.2335
9.55187
32.5018
46.7678
8.93478
32.5007
45.8345
16.5529
32.512
39.3884
9.56621
32.425
40.419
9.5703
36.992
42.558
9.57338
37.0104
45.2509
6.76922
32.5028
45.687
15.5601
32.5222
43.3073
12.0238
32.4157
40.298
9.5744
36.9377
47.2509
1.09261
34.8887
48.2264
8.60979
32.5212
46.7658
15.5519
32.5059
46.8477
14.5539
32.4669
39.993
9.56518
32.5048
Control Period 
32.5048
41.2714
2.95219
36.9766
48.2602
9.55904
33.538
47.617
12.5519
32.5202
46.7821
15.556
32.4536
42.252
10.6424
32.4516
41.2991
4.84352
34.8221
47.2489
9.57235
37.0043
48.2714
9.55597
32.5069
44.6451
15.556
32.4905
42.3032
12.0044
32.4608
40.2929
8.62618
33.793
45.7036
11.5652
34.9051
49.2223
9.55802
34.7587
47.515
13.5498
32.5212
41.8823
2.08909
32.4956
42.7773
6.83123
32.4321
42.296
9.56416
34.8365
48.2397
9.55392
36.9859
48.2346
9.55085
32.4966
43.7163
4.08704
32.5212
41.7578
12.3066
32.4393
41.3236
9.55392
33.8596
44.809
11.5734
34.9123
49.2509
9.54778
34.7433
46.5119
4.08499
Control Period 
4.08499
32.5253
46.7382
13.7082
32.4618
42.2909
9.56416
32.4127
43.2786
9.55699
34.8641
50.2243
9.56723
36.9981
50.6708
4.9927
32.4966
50.0769
18.699
27.906
42.5124
34.2307
30.1609
44.5171
27.9891
32.4526
45.8927
19.5662
36.9408
50.68
12.5662
37.0452
48.4022
9.55802
32.5007
47.2767
16.7133
32.5345
47.3116
19.556
32.4649
39.994
9.57645
32.4506
41.7507
12.5672
34.8795
50.2325
1.98656
33.534
47.2559
15.5457
32.513
47.3914
19.558
32.4854
42.8039
17.123
32.4403
43.3093
9.56621
36.9592
50.2663
4.84557
34.9112
50.2417
9.55085
32.4874
44.1202
18.5539
32.471
43.8289
16.966
Control Period 
16.966
32.5315
41.5665
9.57133
32.4332
44.7629
12.556
37.0074
51.2622
9.55802
34.7709
46.0086
16.5427
32.5161
45.1827
19.5508
32.4434
42.7875
4.07622
32.4198
43.3062
9.56826
34.8703
50.2581
9.56826
37.0217
51.2428
9.5703
32.47
46.2317
19.5437
32.513
42.7189
12.386
32.4567
43.297
9.57235
33.8145
47.6544
12.5693
34.8938
50.2622
9.54778
32.4956
44.1591
10.0901
32.5181
47.33
16.7154
32.4823
43.3257
9.5744
32.4352
43.3103
9.56723
36.9562
50.2366
9.56928
37.0371
48.6861
5.93069
32.5274
45.155
18.5539
32.4792
41.7148
15.0146
32.4157
43.2765
9.56518
34.688
46.7097
12.5672
Control Period 
12.5672
36.9797
50.2684
6.71334
32.4987
46.6645
16.5529
32.5274
45.2154
19.5652
32.4792
41.4938
9.56621
32.4229
41.681
3.98554
37.0166
48.7486
12.558
33.5944
48.3797
20.5508
32.5151
48.0861
21.5713
32.4813
43.8438
17.0974
32.4239
44.3001
2.96038
32.4628
43.6687
11.6303
36.991
48.6595
12.5672
37.0125
48.7885
13.5631
32.5458
48.2307
19.5601
32.4823
43.7957
17.122
32.4547
44.3114
9.56621
33.8309
47.6585
12.5683
37.035
48.7353
12.5478
34.7781
47.984
16.5447
32.5212
47.3439
9.09318
32.4782
44.7455
17.1189
32.4454
41.8029
12.5703
34.859
48.6974
12.5734
34.9307
48.6841
12.5549
32.5243
Control Period 
32.5243
46.1581
10.0891
32.5448
45.2543
16.7113
32.4782
43.7384
15.0381
32.4301
41.7445
12.5724
36.95
48.639
12.5734
37.0074
48.7404
3.10854
32.4895
47.3443
16.7123
32.5089
47.3402
19.5652
32.5151
43.3247
10.6742
32.4157
42.295
9.57235
36.9449
50.2745
1.99987
36.9961
50.2602
9.55494
32.5222
45.24
19.5549
32.5161
46.2267
19.5498
32.4639
42.5091
9.56416
32.4803
42.2837
5.78048
34.8355
48.6984
12.5683
36.9807
48.7169
12.556
32.5315
48.2522
18.556
32.5468
47.3669
19.5447
32.4659
40.4405
5.78662
32.4506
41.6984
12.5611
36.991
48.7322
12.5662
37.0319
48.6872
12.5611
32.5192
Control Period 
32.5192
47.4289
8.09216
32.5356
48.0934
18.7651
32.4966
42.3155
10.5693
32.4495
44.5836
15.5683
36.9848
51.637
13.5713
34.8969
50.681
5.0711
32.5038
48.1581
18.6544
32.5632
49.3853
20.5416
32.4454
40.4641
9.5703
32.4198
45.5478
15.5529
36.9377
53.5508
7.05267
34.903
52.7281
11.6544
32.5376
49.6616
24.5672
32.5059
48.0474
22.5529
32.4864
42.4897
9.56211
32.4567
44.7496
5.05472
34.8805
49.7292
13.5734
34.9194
50.7967
13.5488
32.5427
47.2052
20.5519
32.5007
49.3689
20.5437
32.4536
42.0616
1.0752
32.4803
44.6493
12.5734
36.9654
49.7097
13.5662
37.0207
51.6503
13.5468
32.5181
49.2716
20.5713
Control Period 
20.5713
32.5458
45.8586
11.3213
32.4434
42.34
10.5703
33.8022
47.6
15.5642
34.8867
50.6247
13.5662
33.536
47.1916
3.09318
32.5468
52.0984
17.8118
32.4588
45.8121
16.0218
32.4424
42.7343
13.5703
34.8436
49.6564
12.557
37.0145
48.8086
3.09523
32.5673
46.9726
19.7113
32.5263
50.2726
20.5529
32.4956
42.7517
15.8323
32.4434
42.7855
13.5703
34.8713
49.7373
6.01011
37.0053
50.7486
13.5508
32.4997
49.3075
20.5539
32.5499
49.4836
20.5539
32.4792
41.4753
9.57133
32.4639
44.7343
10.7441
34.8211
49.6698
12.5631
34.9082
51.7251
13.559
32.5366
47.1315
20.5498
32.4751
49.2849
20.5519
Control Period 
20.5519
32.4936
42.0074
8.62822
32.5028
43.6605
13.5631
34.8713
49.6913
13.5621
37.0432
49.5263
16.5498
32.5284
48.1806
12.9896
32.4884
44.807
15.1053
32.4577
42.7763
13.5693
34.7105
51.5775
15.5508
34.8836
54.8497
19.5488
25.6369
42.994
40.0964
25.6256
37.8744
40.5971
21.0207
32.5243
38.4519
11.8374
32.4977
39.1836
9.5703
32.4823
42.2991
11.5672
36.994
52.9185
17.5611
27.86
41.7249
38.08
25.642
40.0053
40.6084
14.1455
32.4803
40.4458
9.5529
32.4506
42.295
10.2191
32.4506
44.5857
15.558
34.8221
50.6534
13.5631
34.9184
49.7046
13.5529
32.5069
49.2214
12.0424
32.5263
47.3352
18.6585
Control Period 
18.6585
32.4669
42.0534
9.56518
32.4803
44.7425
13.5652
34.8785
49.7148
13.5427
34.7812
49.0465
12.8087
32.5284
47.1601
20.5488
32.4833
44.8131
15.8364
32.4475
42.7517
13.5713
36.948
48.6724
2.10445
34.9379
51.7609
10.7226
32.5335
49.3351
20.5519
32.5427
44.7353
18.1148
32.4444
42.7322
13.5683
34.6921
48.5857
7.9968
36.9664
51.7179
13.556
32.4833
47.1714
20.556
32.5417
49.3494
20.5508
32.468
45.2745
10.5683
32.4567
43.7251
8.82406
36.9756
49.6216
12.5601
34.8959
51.7169
13.557
32.5304
49.2685
20.5478
32.5018
44.7445
18.1179
32.4526
42.6964
12.6354
34.6972
48.5293
15.5631
Control Period 
15.5631
34.8621
50.7169
14.5672
32.511
47.9726
23.5498
32.4792
50.1015
15.0691
32.4598
45.3042
10.617
32.4547
45.557
16.5621
36.9725
52.636
13.559
37.0084
50.5263
17.5498
32.4874
48.9593
16.9256
32.4772
45.6164
21.0995
32.4301
45.7435
14.5631
34.8385
51.6554
14.5642
36.9736
48.8384
0.09216
32.5632
49.3986
20.8271
32.4741
50.0801
23.5621
32.4946
43.2919
11.5662
32.4731
45.941
18.5652
34.8918
51.5801
6.08704
37.0063
53.5048
13.7774
32.5018
47.9798
23.5488
32.4854
45.5836
19.0576
32.4403
45.6667
14.5713
34.8518
51.638
5.06394
37.0248
51.722
13.6026
32.5171
50.0892
23.5539
32.4465
Control Period 
32.4465
48.0361
23.5539
32.4588
43.3144
11.5672
32.4127
47.5631
11.8527
34.86
52.7097
14.5601
33.5288
50.9179
19.5662
32.4311
50.0882
23.558
32.4741
45.6266
19.0412
32.4219
45.7619
11.7308
36.951
51.638
13.5631
36.9992
50.2397
11.5447
32.5734
50.2624
21.5601
32.5253
50.1629
23.558
32.4844
42.4118
9.56314
32.4567
49.5334
16.5703
36.9992
52.6237
13.5611
34.7116
49.7893
21.5519
32.4803
47.9613
17.8789
32.4782
45.598
19.0484
32.4434
44.6902
14.5693
34.8498
51.6513
14.5662
37.0381
49.7764
2.09318
32.5079
52.0595
19.7569
32.513
48.8579
20.8221
32.4588
45.3011
11.5652
33.8063
49.5611
16.5713
Control Period 
16.5713
34.8692
52.6431
5.03936
32.4854
47.9665
22.6211
32.4772
51.0923
23.5539
32.4127
45.5642
16.5611
32.4239
45.6687
14.5754
36.9623
51.6349
6.95014
34.8539
52.7834
14.5539
32.5335
51.245
21.5519
32.5192
45.5846
19.0207
32.4434
44.7117
14.5724
34.7126
50.559
14.681
37.0094
52.6687
13.5529
32.4956
50.0575
23.5437
32.5079
48.0494
23.5427
32.4444
45.724
14.5642
32.4454
45.723
14.5539
34.8467
51.595
13.5601
34.9112
52.5171
16.558
32.4854
51.0759
23.5447
32.4823
45.5959
9.00294
32.427
45.722
14.5611
34.817
50.5252
16.5765
37.0319
52.7117
14.5621
32.5448
50.0657
23.5549
Control Period 
23.5549
32.4813
48.0832
19.7774
32.4792
43.295
11.5662
32.4055
47.5621
16.5601
34.8467
52.6278
14.5621
33.5421
49.9117
12.0516
32.51
50.0585
22.6139
32.4854
45.5887
21.1199
32.4352
45.7251
14.5693
36.9377
51.6575
13.5683
34.9348
51.7619
8.86662
32.5038
51.2163
21.5457
32.5417
49.3557
21.5549
32.4321
41.4272
9.56314
32.425
48.556
10.8892
34.8979
52.516
14.6585
34.7648
50.8211
21.5642
32.5018
47.988
23.5549
32.4547
45.6164
21.1046
32.4352
45.6913
7.01011
34.8559
51.6268
13.5775
37.0145
52.6861
13.559
32.5069
50.0954
23.5539
32.5233
48.8579
20.8252
32.4823
45.2663
7.77024
33.8309
Control Period 
33.8309
49.5662
16.5744
36.9685
52.6227
13.5498
32.5253
50.0759
23.559
32.5294
48.0525
23.5508
32.4547
45.8049
10.803
32.4577
44.7978
14.5631
36.9725
51.5909
13.5631
34.9245
52.6831
13.5437
32.5284
47.9572
15.0373
32.5018
46.6113
18.1186
32.4413
44.7128
14.5621
34.8559
54.817
20.5427
30.1066
43.4362
34.4947
21.0616
34.8785
45.8213
11.8692
32.4936
38.8243
9.54982
32.4782
46.8678
16.1111
32.4618
44.2837
11.5672
33.8166
50.5693
16.5642
34.8324
52.6462
13.5539
32.5274
47.9583
16.9327
32.5304
51.0872
23.5437
32.4925
45.602
18.8344
32.4403
46.6206
14.5642
36.9685
51.6083
13.5683
34.9307
Control Period 
34.9307
52.6268
8.8169
32.554
47.9736
23.558
32.5192
45.601
19.0494
32.4495
45.8244
14.5662
34.6849
50.5846
7.10445
36.9746
52.6452
11.6657
32.5571
50.0677
23.559
32.553
48.0166
23.5549
32.4403
44.7609
14.5652
32.4454
46.6687
7.9481
36.9797
51.5909
13.5621
34.9317
52.7189
14.5642
32.4956
47.9398
23.5519
32.5212
45.5939
21.0913
32.4731
45.724
11.74
34.7208
50.5457
16.558
34.9256
52.7783
14.5468
32.5233
50.1005
23.5478
32.5499
48.0576
23.5457
32.4413
43.2776
11.5683
32.4536
Control Period 
32.4536
Control Period 
32.4536
