1.04905
2.70422
2.92785
2.81671
2.71055
2.624
2.53924
2.4667
2.38669
2.305
2.23208
2.1685
2.11241
2.0605
2.01098
1.97001
1.93837
1.90079
1.8635
1.83868
1.81264
1.78197
1.75602
1.73047
1.70857
1.69329
1.66912
1.64707
1.63188
1.61733
1.59269
1.58762
1.55888
1.55784
1.5305
1.53057
1.50417
1.50443
1.47981
1.48324
1.46521
1.4531
1.45155
1.42903
1.44245
1.42588
1.41698
1.41291
1.39404
1.39655
1.38604
1.36088
1.36479
1.36811
1.36259
1.3414
1.19585
1.32499
1.32677
1.3229
1.32744
1.30035
0.897276
1.29297
1.28697
1.27195
1.28684
1.27833
1.26356
1.2678
1.25944
1.2377
1.24382
1.23657
1.22351
1.22881
1.2225
1.2113
1.22533
1.21805
1.20913
1.21041
1.20626
1.18871
1.18686
1.18594
1.17035
1.18131
1.18789
1.16961
1.17687
1.17186
1.15963
1.16442
1.16156
