0.478299
0.753037
0.755733
0.750992
0.747942
0.753577
0.74601
0.753955
0.745444
0.753986
0.747707
0.751389
0.753766
0.744401
0.754247
0.748997
0.750634
0.748853
0.748522
0.753474
0.746928
0.751435
0.752555
0.746547
0.750158
0.752756
0.747476
0.749869
0.750297
0.751749
0.746831
0.753375
0.746478
0.753934
0.74641
0.741689
0.765821
0.741146
0.754238
0.748787
0.74845
0.752572
0.740225
0.763206
0.742152
0.754432
0.749419
0.748709
0.749784
0.75094
0.738609
0.769378
0.736332
0.758882
0.743574
0.753685
0.749639
0.748324
0.751028
0.751283
0.747364
0.752257
0.748173
0.753106
0.746744
0.749222
0.751481
0.751259
0.747634
0.752739
0.748048
0.75117
0.750882
0.747912
0.75166
0.746417
0.754961
0.744492
0.755681
0.747645
0.750019
0.737739
0.770558
0.734192
0.761433
0.742627
0.755608
0.746789
0.749154
0.75328
0.74672
0.754054
0.746613
0.751859
0.748168
0.75108
0.749018
0.751184
