0.451786
0.691129
0.754859
0.754085
0.746767
0.747983
0.753152
0.749028
0.750155
0.751713
0.748742
0.748767
0.754112
0.749093
0.749182
0.752828
0.747775
0.750733
0.750217
0.749346
0.747166
0.754654
0.748003
0.751026
0.750762
0.74926
0.750022
0.749731
0.748302
0.751727
0.748712
0.750336
0.750114
0.751469
0.742153
0.750365
0.757381
0.747612
0.750292
0.753286
0.747111
0.749564
0.750386
0.749516
0.749925
0.750131
0.749461
0.75129
0.750947
0.747464
0.75216
0.749837
0.749832
0.749156
0.751797
0.748127
0.750669
0.751776
0.747327
0.750411
0.749844
0.75275
0.746981
0.750157
0.746083
0.755263
0.748221
0.751783
0.747542
0.751807
0.751962
0.747381
0.751383
0.751058
0.746588
0.750997
0.751995
0.742441
0.755541
0.751889
0.747418
0.747864
0.757062
0.743574
0.752797
0.750475
0.749166
0.748932
0.752447
0.750072
0.745224
0.755152
0.748205
0.749341
0.750562
0.750883
0.747613
0.752215
