1.46181
1.34869
1.26011
1.1992
1.14652
1.10561
1.078
1.05034
1.0234
1.00273
0.988579
0.970366
0.958518
0.944024
0.932708
0.924949
0.915229
0.906385
0.900422
0.892667
0.883614
0.878939
0.875208
0.868387
0.860648
0.859402
0.854454
0.852895
0.852155
0.848913
0.847365
0.84141
0.837961
0.832585
0.83418
0.831011
0.825986
0.8251
0.827376
0.825892
0.820716
0.819692
0.816549
0.815718
0.818471
0.814446
0.814483
0.813669
0.814054
0.811424
0.809544
0.81216
0.807446
0.809071
0.80708
0.807352
0.808173
0.807109
0.804956
0.805718
0.804829
0.805272
0.803127
0.801552
0.803621
0.80335
0.805793
0.801703
0.802088
0.801031
0.803183
0.803717
0.8012
0.800747
0.801552
0.802883
0.799824
0.80502
0.800418
0.800035
0.800725
0.8035
0.802934
0.805541
0.803835
0.802656
0.800574
0.80015
0.798445
0.801155
0.800965
0.797303
0.79914
0.802363
0.800161
0.802113
0.803473
0.800834
0.800165
0.801765
0.801541
0.804284
0.799028
0.80048
0.79952
0.801489
0.800647
0.797681
0.800001
0.798606
0.797577
0.799118
0.798325
0.800518
0.80007
0.800587
0.800075
0.803077
0.802755
0.802082
0.801284
0.801382
0.798974
0.800558
0.802552
0.802455
0.800157
0.802178
0.799474
0.800792
0.797065
0.799527
0.799731
0.797423
0.800386
0.800386
0.799982
0.801092
0.800011
0.801283
0.802154
