0.4
-0.225751
-1.77719
-2.56567
-3.2988
-4.0285
-4.73747
-5.44489
-6.14123
-6.83631
-7.52481
-8.21245
-8.89565
-9.57849
-10.2587
-10.9378
-11.6153
-12.2913
-12.9668
-13.6411
-14.3148
-14.9874
-15.6597
-16.3309
-17.0018
-17.672
-18.3421
-19.0111
-19.6802
-20.3484
-21.0168
-21.6842
-22.352
-23.0186
-23.6858
-24.3516
-25.0182
-25.684
-26.35
-27.0153
-27.6808
-28.3457
-29.0108
-29.6755
-30.3401
-31.0046
-31.6686
-32.3328
-32.9966
-33.6602
-34.3239
-34.9875
-35.651
-36.3143
-36.9775
-37.6407
-38.3036
-38.9665
-39.6294
-40.2918
-40.9545
-41.6169
-42.2794
-42.9415
-43.6038
-44.266
-44.9281
-45.5901
-46.252
-46.9139
-47.5757
-48.2374
-48.8992
-49.5608
-50.2222
-50.8836
-51.5451
-52.2063
-52.8676
-53.5288
-54.19
-54.851
-55.5122
-56.1733
-56.8343
-57.4952
-58.1561
-58.817
-59.4779
-60.1387
-60.7994
-61.4601
-62.1208
-62.7814
-63.4421
-64.1025
-64.763
-65.4235
-66.084
-66.7443
-67.4048
-68.0651
-68.7255
-69.3857
-70.0461
-70.7062
-71.3665
-72.0266
-72.6868
-73.3468
-74.007
-74.667
-75.327
-75.987
-76.647
-77.3069
-77.9669
-78.6268
-79.2867
-79.9465
-80.6062
-81.266
-81.9258
-82.5854
-83.2452
-83.9049
-84.5646
-85.2242
-85.8838
-86.5435
-87.203
-87.8627
-88.5222
-89.1818
-89.8413
-90.5007
-91.1602
-91.8197
-92.4792
