0.240742
0.45355
0.535117
0.566255
0.598159
0.630218
0.6654
0.696829
0.726759
0.753632
0.780104
0.80369
0.826363
0.838238
0.854075
0.860158
0.872618
0.871888
0.884197
0.885927
0.887062
0.89366
0.89311
0.88958
0.897559
0.895617
0.898496
0.891608
0.900397
0.899988
0.901166
0.895719
0.894783
0.900652
0.90238
0.901715
0.900048
0.894766
0.896537
0.900479
0.898882
0.898888
0.899013
0.902027
0.900758
0.898177
0.897506
0.900597
0.902084
0.899942
0.899915
0.899282
0.899478
0.8986
0.89754
0.902265
0.901587
0.901063
0.899512
0.901298
0.899184
0.897671
0.897799
0.900043
0.900996
0.901961
0.899839
0.900839
0.899949
0.899479
0.896241
0.897628
0.90064
0.904416
0.901226
0.902452
0.901049
0.895466
0.902566
0.903997
0.899613
0.900872
0.899419
0.896344
0.901099
0.902531
0.90019
0.901665
0.897925
0.89734
0.902175
0.901647
0.900723
0.898583
0.899515
0.895378
0.902556
0.902369
0.898916
0.898821
0.900628
0.899476
0.895421
0.899847
0.901224
0.901378
0.899872
0.900083
0.901501
0.900244
0.895874
0.899568
0.90132
0.901195
0.900669
0.90112
0.900461
0.899563
0.89479
0.89874
0.903561
0.901754
0.900971
0.900792
0.899518
0.898811
0.895665
0.898674
0.900696
0.901344
0.902153
0.899567
0.899785
0.90025
0.899134
0.897044
0.901003
0.90022
0.902802
0.89909
0.899427
0.902689
0.899934
0.897557
0.902381
0.901731
