0.573377
1.83473
2.04655
1.99535
1.92389
1.88105
1.8267
1.79123
1.74757
1.72331
1.6891
1.6691
1.64597
1.62038
1.59258
1.57297
1.56136
1.53302
1.51771
1.50401
1.49232
1.4781
1.45774
1.43599
1.44333
1.41768
1.40873
1.4105
1.38511
1.37811
1.36552
1.35681
1.35953
1.33829
1.32975
1.32306
1.30939
1.30981
1.28811
1.30133
1.28614
1.28753
1.27219
1.26738
1.26748
1.24985
1.25702
1.24381
1.24328
1.22836
1.22519
1.22016
1.1856
1.20922
1.21573
1.20057
1.20242
1.19707
1.18002
1.19188
1.17912
1.17637
1.16525
1.17601
1.16526
1.15852
1.15371
1.15168
1.14657
1.14938
1.15016
1.13785
1.14393
1.11976
1.13426
1.13046
1.12325
1.1293
1.11348
1.11559
1.11832
1.10813
1.11516
1.10551
1.09672
1.09739
1.09467
1.10165
1.09288
1.09303
1.08388
1.08363
1.08648
1.07484
1.08281
1.07697
1.07623
1.07157
1.06998
1.0697
1.06268
1.06691
1.05914
1.06452
1.05604
1.05965
1.05317
1.05256
1.05228
1.04177
1.04947
1.04067
1.04531
1.03874
1.04085
1.03534
1.03155
1.03951
1.02867
1.03706
1.03023
1.03767
1.02618
1.03094
1.02329
1.02528
1.02578
1.01878
1.02869
1.01701
1.02388
1.01669
1.01857
1.00591
1.01757
1.01133
1.01058
1.01812
1.00668
