1.01891
0.991488
0.982918
0.96913
0.963768
0.954072
0.947888
0.941194
0.936204
0.932337
0.928198
0.925255
0.923791
0.919231
0.91946
0.915802
0.914426
0.910543
0.909271
0.909187
0.907155
0.906525
0.906514
0.905779
0.904278
0.905567
0.902562
0.905068
0.901628
0.905059
0.903854
0.903294
0.899624
0.90477
0.903547
0.904361
0.901689
0.901434
0.902173
0.900683
0.89734
0.900755
0.901485
0.900966
0.901448
0.901373
0.903287
0.900098
0.900123
0.901494
0.900234
0.899717
0.898436
0.901085
0.898376
0.899779
0.899037
0.900557
0.89928
0.898265
0.899137
0.899709
0.899532
0.898468
0.898362
0.900067
0.89824
0.901381
0.899774
0.898731
0.90055
0.899208
0.895763
0.898935
0.899568
0.899291
0.900373
0.899865
0.9005
0.901945
0.899859
0.897984
0.901779
0.900425
0.899495
0.900571
0.89917
0.898534
0.901271
0.900021
0.901238
0.901266
0.901673
0.899755
0.897841
0.901074
0.899767
0.902946
0.900924
0.900108
0.899709
0.901759
0.90149
0.901045
0.904482
0.899886
0.901418
0.900292
0.899011
0.899772
0.900999
0.89958
0.900314
0.898563
0.898452
0.901063
0.9005
0.900482
0.898749
0.897274
0.898129
0.901551
0.899729
0.901559
0.89924
0.897945
0.898328
0.899973
0.899876
0.899832
0.899122
0.90171
0.898912
0.900475
0.898555
0.900091
0.901667
0.899941
0.89878
0.900079
0.898101
0.897759
0.900229
0.89904
0.899388
0.898739
0.899531
