153.207
155.588
154.484
156.104
154.641
152.103
Control Period 
152.103
152.358
156.085
156.382
156.357
156.598
155.6
Control Period 
155.6
153.465
153.853
157.95
158.292
153.98
155.133
155.983
Control Period 
155.983
153.948
158.411
158.135
157.874
154.562
156.457
Control Period 
156.457
156.003
157.764
157.38
151.643
154.844
155.415
156.31
Control Period 
156.31
154.858
157.455
156.967
155.621
155.982
154.916
Control Period 
154.916
156.671
153.07
157.021
156.802
155.846
155.951
154.505
Control Period 
154.505
155.16
155.924
156.847
158.43
153.931
155.647
Control Period 
155.647
155.883
155.277
157.197
157.098
157.926
154.834
Control Period 
154.834
155.155
154.845
153.793
158.694
157.591
155.833
154.655
Control Period 
154.655
156.485
153.911
156.806
159.228
156.425
154.765
Control Period 
154.765
155.741
155.567
155.357
157.24
157.814
156.08
153.969
Control Period 
153.969
155.673
155.23
157.058
156.868
156.753
156.559
Control Period 
156.559
154.861
153.145
155.502
158.054
156.061
156.243
155.672
Control Period 
155.672
154.907
154.837
155.175
158.705
157.259
154.602
Control Period 
154.602
155.324
155.282
154.142
156.782
157.139
156.763
Control Period 
156.763
153.379
155.603
155.431
154.416
157.289
157.292
157.064
Control Period 
157.064
154.941
154.596
154.061
154.568
157.88
155.982
Control Period 
155.982
156.893
153.766
154.276
156.421
154.449
157.513
157.969
Control Period 
157.969
155.982
155.91
155.005
155.849
156.224
157.692
Control Period 
157.692
157.305
153.128
154.995
155.469
154.729
155.852
159.357
Control Period 
159.357
154.715
156.232
155.585
157.003
158.567
157.009
Control Period 
157.009
157.261
155.293
154.367
153.345
154.139
158.889
Control Period 
158.889
155.755
159.243
155.452
155.059
154.281
158.579
158.561
Control Period 
158.561
156.384
149.483
153.73
155.455
154.309
157.581
Control Period 
157.581
158.979
157.42
153.598
154.476
154.994
156.617
156.082
Control Period 
156.082
158.608
154.572
155.775
154.412
154.816
157.626
Control Period 
157.626
156.565
157.337
154.626
155.565
158.199
158.745
157.994
Control Period 
157.994
158.007
156.018
154.713
155.601
156.798
157.366
Control Period 
157.366
157.009
153.847
157.546
154.574
154.332
157.983
Control Period 
157.983
156.469
156.903
154.737
154.559
155.155
157.914
156.438
Control Period 
156.438
156.264
154.287
154.69
156.396
154.833
157.811
Control Period 
157.811
156.416
156.186
156.235
154.365
154.627
156.31
158.11
Control Period 
158.11
156.746
157.361
154.834
154.543
154.063
156.402
Control Period 
156.402
156.81
156.847
156.403
155.619
154.687
154.399
153.992
Control Period 
153.992
158.998
156.967
155.792
156.222
154.714
155.371
Control Period 
155.371
153.871
157.89
156.968
156.953
155.493
155.725
Control Period 
155.725
155.787
154.786
156.416
157.002
156.502
155.543
154.493
Control Period 
154.493
157.095
156.711
156.227
159.064
154.693
155.523
Control Period 
155.523
154.582
153.614
156.829
156.928
156.671
154.874
155.092
Control Period 
155.092
155.848
153.352
158.316
152.473
156.753
155.153
Control Period 
155.153
154.858
156.787
157.607
157.575
156.98
153.674
155.972
Control Period 
155.972
155.811
153.531
155.833
155.992
157.228
154.285
Control Period 
154.285
154.751
155.728
154.779
156.121
157.925
158.765
155.324
Control Period 
155.324
155.293
155.932
153.649
156.142
157.407
156.867
Control Period 
156.867
155.577
154.71
154.306
157.942
158.645
155.768
Control Period 
155.768
155.711
154.908
156.516
155.434
157.438
157.74
154.782
Control Period 
154.782
155.276
155.594
157.963
156.701
159.622
154.085
Control Period 
154.085
155.817
154.337
154.783
157.002
156.87
158.881
154.717
Control Period 
154.717
154.726
154.44
156.576
156.467
156.858
159.725
39.0556
Control Period 
39.0556
Control Period 
39.0556
