157.231
164.353
162.679
156.308
160.073
158.77
157.155
157.375
161.885
159.018
Control Period 
159.018
158.359
156.972
163.256
158.243
159.675
164.637
158.418
159.881
166.428
157.994
62.5869
164.431
158.434
160.902
158.797
Control Period 
158.797
157.947
123.582
158.192
158.593
158.917
157.283
158.481
165.091
163.263
158.35
158.897
156.815
158.867
160.881
160.057
157.02
160.294
166.304
Control Period 
166.304
163.274
158.483
158.472
160.056
161.71
158.647
157.082
163.293
163.058
159.929
106.394
158.888
158.966
159.719
164.569
163.332
158.764
158.67
Control Period 
158.67
158.448
158.529
159.391
165.205
162.971
158.224
160.267
165.174
149.701
157.15
163.86
158.632
158.392
160.406
156.78
158.874
165.476
Control Period 
165.476
163.198
156.974
163.336
160.694
156.882
157.816
166.517
158.707
158.874
158.642
156.475
158.611
165.091
157.34
158.958
160.518
160.823
157.128
Control Period 
157.128
158.36
164.779
158.929
156.917
158.768
160.159
158.612
166.901
156.941
158.402
160.759
158.622
158.183
163.14
158.887
158.826
158.657
Control Period 
158.657
158.38
160.293
164.901
163.124
157.624
158.629
160.885
157.083
156.598
166.762
164.248
157.84
156.626
160.519
158.439
159.833
163.722
159.115
Control Period 
159.115
158.959
163.751
159.166
157.285
159.108
165.597
158.594
158.362
160.382
160.743
157.088
162.953
165.545
159.942
157.414
158.61
160.37
158.72
Control Period 
158.72
165.317
158.735
156.908
162.366
85.7508
156.697
165.088
163.82
158.901
157.098
158.674
158.699
158.474
166.403
158.132
156.712
160.631
Control Period 
160.631
158.596
157.455
163.265
160.524
158.951
159.864
158.657
158.772
158.539
163.027
157.325
160.46
160.459
160.534
156.562
163.417
165.016
159.063
Control Period 
159.063
158.546
158.556
158.558
160.659
163.111
157.087
158.488
160.865
160.583
157.049
158.915
164.707
158.964
157.368
159.768
160.321
159.427
Control Period 
159.427
163.403
158.461
159.564
161.857
160.735
157.427
158.937
165.494
158.695
157.157
159.029
158.931
159.439
163.021
163.979
158.451
164.593
159.059
Control Period 
159.059
157.225
159.299
165.382
158.462
157.089
160.095
161.034
158.883
156.959
163.324
158.5
158.425
160.535
156.843
158.734
165.379
160.401
157.111
Control Period 
157.111
158.858
160.735
158.943
157.007
163.476
158.805
158.671
159.146
158.414
158.53
166.745
160.678
157.094
162.261
160.833
157.018
157.412
Control Period 
157.412
165.374
158.51
156.408
158.553
158.366
158.326
165.796
163.321
158.465
160.366
160.481
156.762
158.287
165.227
158.677
158.197
158.731
160.849
Control Period 
160.849
158.451
156.822
163.033
158.689
158.533
158.586
156.463
158.624
164.943
161.297
157.263
159.472
160.458
158.509
157.874
164.874
158.935
Control Period 
158.935
158.564
158.759
161
158.817
162.891
162.997
158.221
158.494
160.242
158.274
158.699
165.154
158.914
156.997
160.335
160.673
147.883
156.935
Control Period 
156.935
163.741
160.309
158.664
158.538
158.706
158.628
158.918
163.298
158.361
158.302
160.419
157.263
156.823
165.172
161.843
159.982
160.267
160.701
Control Period 
160.701
159.176
158.502
163.085
158.675
161.604
158.756
157.296
158.673
165.019
159.022
155.595
162.301
160.526
156.71
156.725
165.504
158.633
Control Period 
158.633
157.516
158.877
160.183
158.2
163.277
163.29
160.306
161.93
158.51
158.404
160.297
165.293
164.824
156.892
160.813
160.431
161.882
162.886
Control Period 
162.886
163.196
158.177
162.088
158.944
158.747
160.34
164.958
156.826
159.076
162.286
158.594
156.661
164.863
159.17
159.068
160.353
158.888
Control Period 
158.888
159.093
160.217
162.69
156.35
160.116
163.129
158.176
157.025
163.471
158.311
158.951
158.722
158.141
158.817
164.892
156.913
156.567
160.21
Control Period 
160.21
158.85
158.2
164.917
160.25
158.631
161.548
160.314
159.929
164.862
165.389
158.308
156.936
160.373
161.835
156.705
164.754
158.722
Control Period 
158.722
158.815
158.995
158.244
158.41
164.983
163.394
157.119
154.656
160.42
160.222
157.55
163.422
160.363
158.339
158.659
156.979
158.065
165.263
Control Period 
165.263
158.511
157.133
160.308
160.568
158.535
156.703
164.891
158.627
156.345
160.327
159.013
158.564
166.078
158.031
160.069
160.561
160.58
Control Period 
160.58
156.85
158.35
166.874
159.742
156.789
158.86
158.682
160.797
163.255
156.919
158.904
160.568
159.291
156.3
165.569
165.125
156.887
160.06
Control Period 
160.06
162.135
158.616
158.152
163.316
158.755
158.554
158.637
158.478
158.942
164.947
162.671
159.888
159.048
161.763
160.483
163.974
163.529
Control Period 
163.529
158.436
160.028
158.55
113.754
159.003
165.229
157.032
156.703
160.696
158.526
158.489
163.311
159.797
160.293
160.457
158.658
158.326
165.925
Control Period 
165.925
165.41
158.291
156.868
162.305
158.438
156.714
164.911
158.839
158.675
159.088
156.762
160.057
165.24
158.591
158.672
160.528
162.311
Control Period 
162.311
158.793
162.834
163.114
135.507
160.638
159.13
157.237
158.797
165.318
156.866
157.061
161.981
155.954
156.443
163.541
158.605
158.436
160.762
Control Period 
160.762
157.022
156.779
165.033
161.241
157.886
159.134
160.77
158.661
164.197
162.883
158.805
161.849
160.667
156.634
157.046
165.252
158.35
Control Period 
158.35
157.323
158.303
158.853
158.189
163.604
157.017
122.275
162.596
156.533
157.123
163.582
160.473
158.637
160.053
158.872
159.106
165.262
163.442
Control Period 
163.442
156.614
160.488
157.934
158.235
156.791
165.279
159.222
155.494
158.943
160.624
160.403
162.241
163.278
156.755
159.78
161.015
156.993
Control Period 
156.993
156.279
165.255
160.709
156.245
160.174
158.075
158.566
156.94
163.326
158.632
160.004
158.788
157.038
160.728
164.932
160.649
156.442
158.868
Control Period 
158.868
157.966
158.736
163.601
161.809
158.673
158.882
159.043
156.64
158.678
165.198
161.64
158.601
160.403
160.383
156.883
157.265
164.708
160.3
Control Period 
160.3
156.59
160.749
160.037
158.937
165.325
163.138
159.201
160.613
160.326
156.779
157.614
165.398
160.419
157.358
160.508
160.494
160.193
Control Period 
160.193
157.215
164.841
160.076
158.594
158.822
156.811
163.354
165.469
159.152
157.087
158.482
159.622
158.495
163.241
163.785
159.034
158.659
159.062
Control Period 
159.062
156.887
162.098
165.221
156.925
157.244
158.848
158.911
158.738
163.431
163.397
158.884
158.146
159.11
156.675
160.281
166.381
156.886
Control Period 
156.886
158.169
160.545
158.617
156.559
164.937
158.67
158.092
160.754
158.897
158.866
158.927
165.449
156.841
157.094
160.493
160.522
158.243
156.863
Control Period 
156.863
165.659
160.53
157.032
158.783
158.43
160.085
163.345
164.947
158.712
147.047
158.281
159.019
160.079
164.798
163.258
160.024
158.339
Control Period 
158.339
159.133
157.014
163.159
166.639
156.767
159.947
162.243
159.014
159.074
165.129
161.764
158.657
161.766
160.397
157.009
160.226
165.094
157.046
Control Period 
157.046
158.245
162.143
160.377
156.754
163.694
160.849
160.347
160.741
158.972
156.88
162.882
165.309
157.031
158.589
160.776
158.967
156.766
162.995
Control Period 
162.995
158.313
158.329
160.481
158.957
158.776
165.637
165.449
158.345
157.069
160.823
159.886
157.288
162.939
158.988
161.847
158.889
156.79
Control Period 
156.79
160.824
165.206
160.213
156.965
160.376
162.989
158.902
156.953
163.68
158.479
159.016
158.292
158.694
158.771
165.043
158.503
126.657
160.354
Control Period 
160.354
160.942
158.386
165.765
165.263
158.604
162.77
158.425
156.883
158.326
165.155
156.905
158.366
162.077
158.622
156.46
163.373
160.413
Control Period 
160.413
158.855
160.31
159.032
157.157
162.385
165.018
156.232
105.83
162.125
160.186
156.663
162.707
158.844
160.711
159.078
157.295
162.986
165.326
Control Period 
165.326
156.877
158.102
162.351
160.857
161.742
165.017
162.223
159.067
161.535
158.643
156.758
160.125
166.733
158.785
157.183
161.177
158.419
Control Period 
158.419
157.133
165.093
158.606
158.997
160.623
156.95
158.514
165.046
158.429
159.788
159.064
160.206
158.557
163.169
154.364
158.807
160.847
158.538
Control Period 
158.538
156.813
163.692
163.585
158.636
156.846
160.033
160.168
158.399
163.21
157.161
158.412
160.872
160.377
154.431
158.779
166.488
32.087
3.44986
Control Period 
3.44986
3.4816
Control Period 
3.4816
