98.7691
295.113
288.058
284.487
286.73
284.197
287.752
284.628
292.177
96.5508
289.425
291.575
292.626
289.778
97.8219
97.9401
294.003
98.4561
97.0661
98.5719
Control Period 
98.5719
295.055
97.1747
292.772
296.158
295.492
292.283
289.824
287.368
288.658
289.391
288.963
292.819
295.26
292.493
288.879
284.634
283.483
289.653
291.83
295.132
295.106
Control Period 
295.106
295.231
290.652
289.355
290.179
293.574
294.704
297.523
294.61
294.585
297.081
294.439
296.419
297.373
294.584
295.74
98.5019
98.239
294.628
294.849
98.4348
Control Period 
98.4348
295.54
295.87
296.064
296.417
294.286
291.549
294.249
297.357
296.24
99.3356
98.1089
294.313
294.232
295.309
296.404
294.037
294.703
294.904
294.73
296.233
Control Period 
296.233
295.356
292.902
296.085
295.008
293.639
297.833
294.064
99.0474
296.09
294.592
296.179
295.74
294.412
296.779
295.203
294.228
295.006
98.041
295.491
298.277
Control Period 
298.277
296.125
294.657
295.358
293.705
294.315
297
96.6586
98.6164
296.141
296.345
294.394
296.056
295.966
99.0629
99.6074
297.31
294.623
296.231
296.371
295.192
296.422
Control Period 
296.422
295.482
295.898
295.79
295.355
295.133
296.291
294.321
295.188
296.563
294.957
98.8436
296.005
296.398
294.887
295.715
295.398
295.052
297.266
296.038
295.023
Control Period 
295.023
296.948
295.601
294.391
296.908
294.164
292.787
295.243
295.436
298.229
296.397
295.812
98.3934
294.421
294.232
296.076
294.274
295.127
296.27
294.407
295.385
Control Period 
295.385
296.764
294.711
99.404
98.4882
98.5803
296.412
99.7565
296.291
292.256
295.237
296.533
295.613
296.014
295.905
295.808
297.16
294.599
296.235
295.416
292.364
295.355
Control Period 
295.355
297.041
295.462
294.207
296.266
293.389
292.367
294.908
294.208
293.467
297.908
295.402
295.091
296.31
294.297
295.289
296.089
292.948
292.998
297.234
296.153
Control Period 
296.153
295.218
296.591
295.291
294.818
295.912
295.136
295.231
297.272
296.17
295.54
297.338
294.238
294.359
295.219
296.215
294.248
295.056
296.715
296.189
296.988
Control Period 
296.988
295.492
294.216
297.107
295.391
293.729
297.343
294.48
296.057
297.04
296.55
295.401
295.078
296.93
296.781
295.85
295.65
295.413
293.958
294.552
296.423
Control Period 
296.423
99.4997
296.339
293.69
297.262
294.56
296.428
298.186
296.88
296.339
297.237
296.563
295.383
295.286
296.757
296.265
296.792
295.64
295.598
294.252
292.605
296.267
Control Period 
296.267
297.405
295.878
294.472
99.2121
296.295
294.263
295.01
296.098
295.355
297.646
297.179
294.525
295.969
295.421
294.428
298.084
296.588
296.285
296.163
294.475
Control Period 
294.475
296.172
297.404
296.348
295.167
297.528
297.53
296.275
297.175
295.593
293.347
294.153
295.055
295.769
292.245
292.896
296.308
296.406
295.11
296.373
293.211
Control Period 
293.211
293.183
296.864
295.097
294.934
296.167
294.14
294.823
99.6541
297.538
295.578
295.323
294.396
295.232
295.945
293.575
294.541
298.413
295.272
293.085
297.374
Control Period 
297.374
296.235
295.048
296.472
295.955
296.878
295.173
294.268
294.155
294.003
295.188
98.4775
295.15
294.917
295.815
292.977
295.411
297.099
293.688
294.426
99.4183
296.545
Control Period 
296.545
294.133
297.368
296.34
295.073
297.467
297.11
294.553
296.063
295.419
292.171
295.046
296.461
296.242
295.997
294.824
296.128
296.193
295.244
297.227
98.4654
Control Period 
98.4654
296.425
297.265
294.258
295.151
297.312
295.463
294.041
297.699
296.421
291.991
98.9348
295.987
294.093
295.203
296.363
295.367
295.8
291.607
98.2915
294.54
Control Period 
294.54
295.171
295.234
296.83
98.273
295.248
294.165
290.284
294.558
295.374
295.058
297.5
297.064
294.14
294.359
295.318
294.804
296.068
295.718
294.767
298.158
Control Period 
298.158
296.652
296.151
297.141
295.286
293.047
297.781
297.566
295.293
293.66
293.031
294.299
294.192
293.878
295.602
296.281
292.451
296.174
296.221
293.293
291.66
292.312
Control Period 
292.312
292.297
294.328
294.316
98.4532
295.318
294.282
294.769
295.664
294.928
98.5389
98.2562
294.443
296.009
297.231
295.081
293.583
298.432
296.526
294.173
297.567
Control Period 
297.567
297.156
294.875
295.108
293.975
294.161
294.118
98.5816
296.245
296.535
296.532
298.015
296.364
295.333
296.867
294.361
293.587
297.558
295.098
295.076
296.791
Control Period 
296.791
295.306
98.8669
296.343
293.368
292.585
99.1782
295.271
292.236
294.402
293.326
293.515
298.215
295.327
293.116
296.917
294.574
293.231
295.283
294.925
293.235
Control Period 
293.235
297.08
296.176
294.404
295.013
295.496
294.373
297.172
295.962
99.0711
98.5203
295.319
294.354
294.85
295.744
295.5
295.076
294.248
294.314
294.372
294.264
295.17
Control Period 
295.17
295.28
293.278
297.203
295.513
293.14
295.254
296.764
296.365
296.742
295.054
98.0906
99.037
296.409
296.163
295.474
292.362
292.153
295.138
296.344
294.992
Control Period 
294.992
297.061
296.478
295.482
294.114
293.237
296.309
294.141
295.46
297.457
295.335
295.097
297.352
295.369
293.349
297.213
295.228
293.119
296.401
294.299
293.508
Control Period 
293.508
293.188
294.245
295.006
296.589
295.574
296.17
297.013
296.142
294.436
296.253
296.591
295.955
296.321
292.104
291.377
296.347
292.775
292.258
296.12
295.594
297.467
Control Period 
297.467
294.501
293.309
98.4414
293.784
292.7
297.943
296.023
295.092
297.211
295.576
293.998
297.227
296.302
293.94
98.3204
98.1911
294.917
98.2375
294.209
293.549
Control Period 
293.549
294.6
296.263
293.071
296.287
294.034
98.893
297.352
294.821
291.907
296.255
296.102
295.295
295.953
294.434
99.5413
296.339
292.39
294.385
293.443
294.183
Control Period 
294.183
297.239
295.798
293.769
296.172
294.359
291.416
297.06
296.341
99.5499
99.5913
296.793
99.3492
98.0319
293.29
293.343
296.409
98.5708
296.218
297.055
296.626
Control Period 
296.626
296.209
296.93
296.322
98.6234
296.173
294.989
293.329
297.065
296.486
296.057
297.228
295.339
292.624
296.164
296.294
295.01
297.06
296.025
295.519
98.9891
296.461
Control Period 
296.461
295.966
297.207
296.103
295.229
297.248
98.473
296.193
294.796
291.721
99.0454
296.141
295.535
98.7028
295.249
293.91
98.2755
294.349
295.256
297.64
297.218
Control Period 
297.218
294.539
295.188
294.055
295.528
297.326
294.232
295.472
298.558
296.889
293.548
296.345
296.413
295.313
295.626
296.913
99.0086
296.114
293.679
294.089
297.291
Control Period 
297.291
295.932
99.6093
298.334
295.565
292.292
292.806
295.91
99.1527
296.783
294.554
293.604
295.077
294.291
295.111
296.137
294.587
296.075
296.193
294.524
295.996
Control Period 
295.996
295.3
293.083
296.476
295.369
295.325
296.558
98.3069
99.3412
296.924
296.349
295.329
297.49
297.672
294.91
99.0066
296.234
294.119
99.0344
296.824
295.22
98.216
Control Period 
98.216
294.292
294.222
295.531
296.613
293.307
99.5091
297.48
296.256
296.523
295.366
294.176
295.412
296.57
296.325
296.358
294.519
295.377
296.345
295.019
292.588
Control Period 
292.588
99.4963
296.782
292.757
294.258
295.456
294.151
98.0378
294.7
296.547
298.543
297.338
99.0022
296.365
294.067
292.873
296.191
295.327
297.248
297.063
295.612
Control Period 
295.612
294.193
296.245
294.02
295.592
297.375
296.451
297.865
295.33
295.219
297.155
295.676
294.158
297.199
295.355
293.235
99.0801
296.142
294.583
294.438
98.1618
Control Period 
98.1618
294.121
295.174
295.472
294.117
296.329
293.568
293.998
296.908
296.304
295.379
298.042
296.452
296.367
297.673
297.225
295.226
297.177
296.104
295.077
296.38
294.706
Control Period 
294.706
296.842
297.045
294.388
296.084
296.891
97.2326
292.438
295.785
295.418
296.118
295.59
293.452
296.349
295.336
293.263
296.573
295.591
295.134
294.929
296.576
Control Period 
296.576
296.073
296.21
294.209
294.906
294.53
292.427
292.322
292.46
296.334
297.121
295.84
294.265
297.005
296.208
294.47
295.27
294.361
295.619
295.386
294.449
Control Period 
294.449
295.177
294.015
294.48
295.346
295.315
296.742
295.787
295.531
295.121
295.211
297.093
296.376
296.053
299.168
295.976
294.418
296.068
98.3243
295.467
297.525
Control Period 
297.525
294.71
294.192
296.941
295.533
294.209
297.148
296.313
295.449
298.308
295.176
293.346
99.1762
296.018
294.545
296.412
295.921
99.414
296.347
292.436
295.98
296.312
Control Period 
296.312
98.6519
296.604
295.9
292.216
296.997
296.275
294.498
296.348
296.368
296.685
297.712
295.264
98.9823
296.381
293.569
99.1386
296.741
97.7995
99.1373
295.943
Control Period 
295.943
294.457
295.404
98.1474
293.661
294.123
297
294.763
292.013
296.493
295.171
295.439
298.133
296.246
294.427
294.211
292.283
295.065
296.259
294.353
294.191
Control Period 
294.191
295.365
296.235
295.263
297.174
296.151
295.801
297.331
293.483
293.109
293.147
292.258
98.079
294.683
294.614
293.855
295.085
294.682
296.246
296.558
295.15
Control Period 
295.15
295.585
98.404
295.04
294.451
295.356
294.237
294.102
97.804
292.416
293.073
98.0476
294.984
297.128
97.9284
294.617
294.687
292.558
294.283
297.229
296.305
295.325
Control Period 
295.325
296.312
293.643
293.858
296.289
296.13
295.378
298.095
295.377
293.573
297.808
293.307
291.085
296.348
294.213
295.127
296.836
294.956
99.5476
298.063
296.385
Control Period 
296.385
294.813
296.277
296.487
296.579
98.8822
296.137
294.186
294.771
294.736
294.007
297.049
296.263
294.933
297.202
296.376
294.513
296.376
296.955
293.596
Control Period 
293.596
Control Period 
293.596
