379.502
669.421
509.441
487.728
Control Period 
487.728
483.486
483.25
294.633
293.428
Control Period 
293.428
294.071
303.246
294.075
293.723
293.927
Control Period 
293.927
294.496
294.645
405.067
412.031
422.176
410.476
Control Period 
410.476
414.602
409.676
426.569
416.598
420.803
416.895
425.815
Control Period 
425.815
421.306
425.91
316.219
320.536
313.766
318.627
312.418
Control Period 
312.418
314.536
313.086
330.026
321.56
325.527
316.496
Control Period 
316.496
314.959
323.497
411.494
417.863
413.515
418.157
407.153
Control Period 
407.153
411.007
420.706
390.125
392.637
387.682
388.179
388.744
Control Period 
388.744
389.024
391.13
318.167
318.538
319.568
320.055
Control Period 
320.055
320.513
318.471
343.239
343.517
339.648
341.919
344.154
Control Period 
344.154
344.02
341.478
402.003
402.98
399.636
399.584
400.996
Control Period 
400.996
400.906
402.691
372.544
374.015
373.12
370.07
372.612
Control Period 
372.612
377.461
367.367
328.685
326.113
331.497
330.378
Control Period 
330.378
329.843
329.874
362.09
357.79
367.81
376.667
361.734
Control Period 
361.734
365.467
372.394
405.451
411.101
405.027
399.246
402.237
Control Period 
402.237
395.14
401.499
363.354
361.229
362.234
361.829
Control Period 
361.829
366.875
358.325
333.633
339.716
336.872
338.392
341.167
Control Period 
341.167
337.547
335.416
380.724
377.844
383.478
382.526
383.206
Control Period 
383.206
379.851
386.191
390.096
388.544
391.355
394.611
Control Period 
394.611
390.424
387.805
354.462
353.461
355.234
352.6
354.371
Control Period 
354.371
351.912
356.237
353.252
355.541
353.872
357.421
348.76
Control Period 
348.76
347.966
351.434
380.278
387.687
385.421
383.989
Control Period 
383.989
385.164
390.375
385.251
385.987
387.298
383.435
382.709
Control Period 
382.709
371.326
377.334
339.637
343.7
347.5
350.43
358.56
Control Period 
358.56
352.831
353.009
366.782
361.766
367.454
367.332
Control Period 
367.332
371.777
363.082
379.15
383.515
379.657
384.066
378.53
Control Period 
378.53
376.924
381.342
366.257
370.89
366.168
366.608
359.782
Control Period 
359.782
370.014
364.936
354.954
361.966
357.526
361.6
Control Period 
361.6
352.849
360.172
372.938
381.055
375.299
380.894
369.889
Control Period 
369.889
372.61
367.408
374.863
365.732
368.468
374.263
372.181
Control Period 
372.181
373.251
367.944
368.601
362.755
363.779
366.922
Control Period 
366.922
368.321
361.058
364.509
358.05
366.305
362.939
368.106
Control Period 
368.106
360.986
366.722
367.285
371.054
360.589
365.749
373.019
Control Period 
373.019
368.668
372.978
369.8
376.216
370.446
375.937
Control Period 
375.937
366.706
374.196
357.61
358.553
365.873
362.801
368.785
Control Period 
368.785
360.835
365.75
360.586
368.36
363.333
366.731
365.027
Control Period 
365.027
369.085
358.542
362.149
360.234
361.076
363.779
358.254
Control Period 
358.254
366.298
373.748
365.108
369.287
377.009
373.262
Control Period 
373.262
375.714
372.348
375.559
371.565
375.893
365.896
367.297
Control Period 
367.297
377.236
369.703
405.75
441.536
367.451
360.284
Control Period 
360.284
358.55
355.719
364.992
354.008
348.795
361.406
368.643
Control Period 
368.643
355.176
358.566
382.823
369.358
369.871
377.461
367.002
Control Period 
367.002
373.182
382.57
372.238
363.743
367.646
376.146
368.407
Control Period 
368.407
371.188
362.541
357.202
366.171
362.572
371.533
Control Period 
371.533
366.095
353.873
355.384
354.084
360.098
374.049
370.718
Control Period 
370.718
361.495
362.162
373.501
372.108
376.026
371.887
368.559
Control Period 
368.559
366.898
376.923
368.286
375.389
366.142
372.927
Control Period 
372.927
360.048
364.277
371.792
360.003
364.055
370.94
368.732
Control Period 
368.732
367.775
356.453
363.114
367.232
357.709
357.33
367.256
Control Period 
367.256
Control Period 
367.256
