128.693
129.195
130.912
132.09
133.582
133.515
133.578
133.389
134.66
133.227
132.021
131.2
131.006
102.495
102.496
102.567
102.326
102.406
102.399
102.53
102.587
102.657
102.382
102.377
102.535
102.522
92.9807
92.9675
93.0172
92.9664
93.0325
93.0156
93.0135
92.972
92.9951
93.0043
92.9956
93.0007
93.0002
93.0135
87.9673
87.9898
87.9478
88.022
88.0236
88.0154
87.9976
88.0205
87.9826
87.8859
87.9781
88.0175
87.9622
87.997
88.0057
87.9713
87.9991
87.9796
87.9801
87.9493
87.9381
87.9924
87.9862
87.9939
87.9816
88.0231
87.8782
87.8665
87.8901
87.8756
87.8956
87.8854
87.8771
87.8664
87.8644
87.8726
87.8823
87.8583
87.8818
87.8633
87.8777
87.8849
87.8833
87.8715
87.893
87.871
87.8756
87.8609
87.8639
87.8833
66.0616
66.0527
66.0437
66.058
66.0547
66.0454
66.0518
66.0599
66.0568
66.0546
66.0547
66.0573
66.0465
66.0692
66.061
66.0662
66.055
66.0544
66.0507
66.057
66.0552
66.0335
66.0583
66.0533
66.0469
66.0549
66.0732
66.0475
66.053
66.0585
66.0597
66.0552
66.0534
66.0529
66.0582
66.0527
66.0537
66.0522
66.057
66.0466
66.0531
66.0427
66.0609
66.0455
66.0508
66.0618
66.0359
66.049
66.0586
66.0527
66.0586
66.0481
66.0593
66.0569
66.0603
66.0543
66.0543
66.0524
66.0559
66.0545
66.0471
66.0753
66.0568
66.0541
66.0611
66.0507
66.056
66.0564
66.054
66.0485
66.0598
66.0487
66.0604
66.048
66.0523
66.0522
66.0573
66.0504
66.061
66.0478
66.0479
66.0549
66.0631
66.0524
66.0548
66.0586
66.0516
66.0539
66.0658
66.0605
66.0629
66.0612
66.0561
66.0537
66.0525
66.0571
66.0567
66.0528
66.0499
66.0585
66.061
66.0522
66.0571
66.0425
66.0554
66.0554
66.0623
66.0453
66.0563
66.0528
66.0435
66.0614
66.052
66.0595
66.0583
66.0662
66.0474
66.0526
66.0553
66.0582
66.0505
66.0541
66.0554
66.0512
66.0527
66.0519
66.0535
66.0586
66.0548
66.0506
66.0535
66.0588
66.0648
66.0633
66.0687
66.0545
66.0496
66.0614
66.0671
66.0467
66.0584
66.0511
66.0602
66.0604
66.0596
66.0634
66.0561
66.0434
66.059
66.0626
66.0571
66.0507
66.0594
66.0595
66.0461
66.0623
66.0666
66.0548
66.0656
66.0623
66.058
66.065
66.0589
66.0579
66.044
66.047
66.0465
66.0378
66.0606
66.0566
66.0434
66.054
66.056
66.0586
66.0554
66.0639
66.0498
66.0428
66.0583
66.0573
66.056
66.0558
66.064
66.0502
66.0516
66.0443
66.0622
66.0511
66.0533
66.0478
66.0534
66.0744
66.0644
66.0558
66.0462
66.0695
66.0702
66.0631
66.0523
66.0538
66.0635
66.0482
66.0477
66.0506
66.0602
66.0501
66.0471
66.0559
66.0528
66.0581
66.0598
66.0511
66.0593
66.0588
66.0607
66.059
66.0593
66.0529
66.0525
66.0557
66.0548
66.0491
66.054
66.0577
66.051
66.0579
66.0446
66.0527
66.051
66.0491
66.0622
66.0535
66.0532
66.0623
66.048
66.0604
66.0546
66.055
66.0597
66.0645
66.0508
66.0494
66.0586
66.0504
66.0578
66.0554
66.0438
66.0596
66.0537
66.0591
66.0513
66.052
66.0516
66.0482
66.055
66.058
66.0607
66.0404
66.0522
66.0616
66.0557
66.0542
66.051
66.0617
66.0559
66.0558
66.0524
66.0393
66.0523
66.0524
66.0556
66.0541
66.0584
66.0564
66.0588
66.0477
66.0637
66.0555
66.056
66.0535
66.0581
66.059
66.0585
66.0549
66.0519
66.0556
66.0509
66.0549
66.0546
66.0516
66.0584
66.0558
66.0565
66.0569
66.0487
66.0572
66.0499
66.0457
66.0465
66.0533
66.0526
66.0476
66.0635
66.0553
66.0664
66.0549
66.0681
66.0589
66.0521
66.0548
66.0656
66.0648
66.0554
66.0551
66.0503
66.0477
66.0493
66.0545
66.0523
66.0559
66.0495
66.0437
66.0522
66.0505
66.0491
66.0452
66.0573
66.0526
66.0574
66.052
66.053
66.061
66.0508
66.0523
66.0573
66.0527
66.0563
66.0511
66.049
66.047
66.0519
66.043
66.0531
66.0558
66.0602
66.0433
66.0497
66.0589
66.049
66.0525
66.0451
66.0666
66.0502
66.0485
66.0601
66.0549
66.0544
66.0495
66.0521
66.0509
66.0572
66.0646
66.0598
66.0588
66.0583
66.0588
66.06
66.0495
66.0583
66.053
66.0589
66.0487
66.0639
66.0519
66.048
66.053
66.056
66.0487
66.0589
66.0545
66.0563
66.0546
66.051
66.0634
66.0561
66.0571
66.0475
66.0625
66.0385
66.0552
66.0459
66.0565
66.0462
66.0635
66.0574
66.055
66.0563
66.0433
66.0529
66.057
66.0457
66.0463
66.0565
66.061
66.0538
66.0442
66.0553
66.0501
66.0577
66.05
66.0583
66.0628
66.0603
66.0575
66.0615
66.0716
66.0624
66.0382
66.0496
66.0571
66.0493
66.0522
66.0496
66.0513
66.057
66.0505
66.0666
66.0462
66.0499
66.0433
66.0569
66.0527
66.0524
66.0658
66.0549
66.0574
66.0559
66.0595
66.0524
66.0544
66.0516
66.0591
66.0522
66.0516
66.0487
66.0463
66.0493
66.0389
66.0507
66.0465
66.0479
66.0706
66.0464
66.0513
66.053
66.0442
66.0488
66.0523
66.0557
66.05
66.0414
66.0614
66.0439
66.0525
66.0472
66.046
66.0516
66.0474
66.0526
66.0493
66.0567
66.0435
66.0445
66.0533
66.0528
66.0691
66.0504
66.0557
66.0467
66.0609
66.0562
66.0634
66.0487
66.0467
66.0463
66.0472
66.0638
66.054
66.0566
66.0538
66.0631
66.05
66.0537
66.0405
66.0546
66.0555
66.0431
66.0575
66.0539
66.0561
66.0496
66.0508
66.0591
66.0651
66.0499
66.052
66.0589
66.0457
66.0491
66.0603
66.047
66.0467
66.0666
66.0583
66.0604
66.0441
66.0619
66.0636
66.0478
66.0562
66.047
66.0589
66.0442
66.0551
66.0507
66.0467
66.056
66.0516
66.0489
66.0557
66.0577
66.055
66.0591
66.0615
66.0706
66.0549
66.0471
66.0552
66.0663
66.0545
66.0494
66.0564
66.0532
66.0531
66.0527
66.0618
66.0542
66.0502
66.0539
66.0527
66.0518
66.0509
66.0525
66.0651
66.057
66.0526
66.0588
66.063
66.0584
66.0458
66.0535
66.0569
66.0605
66.0546
66.0454
66.0487
66.052
66.0475
66.0474
66.0523
66.0511
66.0535
66.0476
66.0574
66.0484
66.0522
66.0531
66.0524
66.0473
66.0526
66.0501
66.0479
66.0546
66.053
66.0544
66.0512
66.0505
66.0484
66.0536
66.0537
66.0572
66.0491
66.0534
66.0529
66.0482
66.053
66.0518
66.055
66.0508
66.0491
66.0531
66.0557
66.0505
66.0512
66.0493
66.062
66.0518
66.0518
66.0515
66.054
66.0511
66.0601
66.0554
66.0591
66.0545
66.0586
66.0479
66.0479
66.0661
66.054
66.0548
66.0501
66.0566
66.0632
66.0524
66.0618
66.0572
66.0468
66.057
66.0485
66.0537
66.0478
66.0509
66.0501
66.054
66.0428
66.054
66.0479
66.0454
66.0504
66.0539
66.0555
66.0528
66.0615
66.0482
66.0558
66.0449
66.0578
66.051
66.052
66.0613
66.0537
66.048
66.0547
66.0533
66.0587
66.0546
66.0613
66.0546
66.0543
66.0605
66.0409
66.0473
66.0619
66.0463
66.0569
66.0543
66.0573
66.0618
66.0507
66.0532
66.0601
66.0516
66.0577
66.0497
66.0423
66.0567
66.0544
66.0555
66.0487
66.0528
66.059
66.0507
66.0658
66.0539
66.0522
66.0479
66.0576
66.0521
66.053
66.0485
66.0518
66.06
66.0598
66.05
66.0464
66.0462
66.0533
66.0458
66.0657
66.0627
66.0539
66.0529
66.0491
66.0521
66.0456
66.0462
66.0515
66.0465
66.0559
66.0475
66.0589
66.0584
66.0592
66.0509
66.0599
66.0532
66.0546
66.0575
66.0508
66.0498
66.0609
66.0523
66.0566
66.053
66.0551
66.0528
66.042
66.044
66.0477
66.0467
66.0513
66.0597
66.0568
66.0507
66.0662
66.0627
66.0621
66.0644
66.0535
66.0551
66.0543
66.0547
66.0632
66.0474
66.0607
66.0612
66.0503
66.0632
66.0516
66.0501
66.0479
66.0439
66.0435
66.0519
66.0638
66.0546
66.0554
66.0561
66.0618
66.0632
66.0468
66.0559
66.0641
66.0551
66.0607
66.0571
66.0593
66.0491
66.056
66.0538
66.0521
66.0567
66.0482
66.0496
66.0634
66.0579
66.0504
66.0491
66.0524
66.0533
66.0619
66.0509
66.058
66.0536
66.0536
66.0542
66.0519
66.0494
66.0459
66.0534
66.0474
66.0431
66.0504
66.0556
66.0549
66.0532
66.0609
66.0503
66.0555
66.0431
66.0536
66.0527
66.0545
66.0521
66.0565
66.0587
66.0452
66.0498
66.0633
66.053
66.0501
66.0553
66.0507
66.0464
66.0469
66.0517
66.0541
66.0546
66.0499
66.0511
66.0595
66.0583
66.0583
66.0474
66.0529
66.0539
66.058
66.06
66.0441
66.0565
66.0482
66.0584
66.058
66.0561
66.047
66.0486
66.0524
66.048
66.053
66.0502
66.0556
66.038
66.048
66.0561
66.0504
66.0545
66.0549
66.0456
66.0533
66.0516
66.0527
66.0506
66.0574
66.0529
66.0527
66.056
66.0471
66.0639
66.0519
66.0521
66.0507
66.0521
66.048
66.0579
66.0503
66.0547
66.0463
66.0483
66.0514
66.0537
66.0613
66.0538
66.0518
66.0507
66.0462
66.0508
66.0526
66.0479
66.0502
66.0491
66.0532
66.0449
66.0555
66.0595
66.0452
66.0457
66.0505
66.0635
66.0559
66.0552
66.0447
66.0525
66.0442
66.0503
66.0584
66.0533
66.0573
66.0557
66.055
66.0494
66.0639
66.0556
66.0541
66.056
66.0515
66.0525
66.0439
66.0633
66.0548
66.0689
66.0475
66.0564
66.0717
66.0676
66.0533
66.0493
66.0541
66.0618
66.0514
66.047
66.0567
66.0591
66.0471
66.0472
66.0529
66.0517
66.049
66.053
66.053
66.0477
66.0451
66.054
66.0414
66.0458
66.0523
66.0434
66.0532
66.0562
66.051
66.0543
66.0483
66.0478
66.0551
66.0659
66.0592
66.055
66.0516
66.0559
66.0571
66.054
66.0529
66.0483
66.0469
66.0539
66.0464
66.0498
66.0453
66.0468
66.0465
66.0498
66.0536
66.0487
66.0506
66.0563
66.0543
66.0464
66.0574
66.0584
66.0527
66.0477
66.0474
66.0555
66.0468
66.048
66.0608
66.0508
66.0478
66.0472
66.0539
66.0465
66.0552
66.0524
66.0528
66.0536
66.0571
66.0587
66.0542
66.0499
66.0535
66.0556
66.0504
66.0588
66.0513
66.0524
66.0449
66.0506
66.0396
66.0537
66.0455
66.0502
66.0453
66.0569
66.0628
66.0484
66.0442
66.0451
66.0596
66.053
66.049
66.0508
66.0529
66.0486
66.051
66.0527
66.0539
66.054
66.0604
66.0558
66.0478
66.0488
66.0579
66.0536
66.0449
66.0533
66.0543
66.046
66.0537
66.0456
66.0477
66.0485
66.0482
66.0426
66.0631
66.0548
66.0575
66.0484
66.0453
66.049
66.0515
66.0457
66.0567
66.0492
66.0516
66.0545
66.0584
66.054
66.0543
66.0529
66.0545
66.0518
66.0511
66.055
66.0462
66.0488
66.0443
66.0492
66.0555
66.0565
66.0518
66.0604
66.0459
66.0525
66.0564
66.0531
66.0554
66.0611
66.0583
66.0598
66.055
66.0567
66.0725
66.0459
66.0495
66.0565
66.0568
66.0524
66.049
66.0541
66.0416
66.0561
66.0519
66.0545
66.0588
66.0571
66.0509
66.0553
66.0506
66.0531
66.0479
66.0627
66.0447
66.0574
66.0689
66.0559
66.0573
66.0457
66.0602
66.0504
66.0525
66.0669
66.0455
66.0577
66.0515
66.0568
66.0547
66.056
66.0601
66.049
66.049
66.0569
66.0536
66.048
66.0552
66.0543
66.0478
66.0355
