128.301
127.73
129.71
131.009
132.575
132.458
132.492
132.243
133.713
132.962
131.823
131.982
130.891
102.213
102.258
102.337
102.135
102.172
102.122
102.253
102.339
102.416
102.115
102.155
102.274
102.284
92.2307
92.1974
92.2686
92.2133
92.2891
92.268
92.2706
92.2066
92.2077
92.1902
92.18
92.2476
92.245
92.2726
95.1209
95.1301
95.1148
95.1496
95.144
95.1415
95.1481
95.1435
95.1281
95.0457
95.1251
95.1465
95.125
95.1491
95.1435
95.1603
95.1558
95.1342
95.1219
95.081
95.0641
95.1276
95.1373
95.146
95.1419
95.1496
108.18
108.179
108.191
108.16
108.17
108.187
108.202
108.175
108.172
108.157
108.145
108.204
108.163
108.16
108.222
108.183
108.168
108.17
108.193
108.193
108.191
108.172
108.169
108.218
66.1761
66.1521
66.1657
66.1921
66.161
66.1693
66.1847
66.1743
66.1751
66.1831
66.1717
66.1765
66.176
66.1871
66.1734
66.1774
66.1679
66.1766
66.1629
66.1716
66.1877
66.1877
66.1617
66.1741
66.1659
66.1747
66.1831
66.1801
66.1718
66.1735
66.1723
66.1575
66.1654
66.1827
66.1672
66.1759
66.1655
66.1671
66.1725
66.1889
66.1757
66.1639
66.2007
66.1607
66.1817
66.1799
66.178
66.1736
66.1991
66.1994
66.1778
66.1884
66.1923
66.1831
66.1944
66.197
66.1789
66.1824
66.1612
66.1769
66.1906
66.2024
66.1796
66.178
66.1985
66.1824
66.192
66.1756
66.1751
66.1748
66.2113
66.1795
66.1977
66.1789
66.184
66.1715
66.1954
66.1626
66.1865
66.1743
66.175
66.1751
66.1836
66.1633
66.1978
66.1755
66.1682
66.1713
66.1846
66.1735
66.2017
66.1939
66.1717
66.1717
66.1767
66.1789
66.1918
66.1916
66.1699
66.1801
66.1844
66.1658
66.195
66.176
66.1691
66.1786
66.1916
66.1873
66.1973
66.1899
66.1746
66.1823
66.1783
66.1759
66.1956
66.1617
66.1789
66.1683
66.1739
66.1943
66.1957
66.1859
66.1848
66.1795
66.1833
66.185
66.2037
66.1804
66.1837
66.1793
66.1854
66.1709
66.1953
66.1721
66.1824
66.1798
66.179
66.1945
66.1907
66.1735
67.279
66.1806
66.1737
66.1639
66.2022
66.1649
66.1805
66.1675
66.1783
66.1822
66.197
66.1878
66.1739
66.1611
66.1735
66.2005
66.1889
66.1738
66.1658
66.1714
66.1639
66.1855
66.1906
66.1833
66.1702
66.1722
66.1725
66.1786
66.201
66.1636
66.1737
66.1695
66.1673
66.1739
66.2007
66.1692
66.1727
66.1893
66.181
66.1737
66.2071
66.18
66.2088
66.1717
66.1678
66.1652
66.1902
66.1732
66.1975
66.1697
66.1686
66.1752
66.1854
66.1866
66.1933
66.1944
66.1709
66.177
66.2021
66.1739
66.2074
66.1696
66.1752
66.1688
66.1972
66.1787
66.1694
66.1768
66.1703
66.1812
66.2187
66.174
66.2078
66.2059
66.1714
66.1757
66.179
66.1894
66.1743
66.1733
66.1833
66.1708
66.193
66.1726
66.1906
66.172
66.1798
66.1807
66.1879
66.1854
66.1782
66.1633
66.1826
66.1702
66.1644
66.1741
66.1648
66.1812
66.1646
66.167
66.2003
66.1852
66.1786
66.1745
66.1652
66.1735
66.1719
66.1779
66.1806
66.1934
66.1846
66.1837
66.173
66.1898
66.1683
66.1949
66.1759
66.1524
66.183
66.179
66.1781
66.1714
66.1694
66.1679
66.1702
66.1755
66.1704
66.1752
66.1652
66.167
66.1736
66.1668
66.1656
66.1741
66.162
66.1668
66.18
66.1722
66.1725
66.1759
66.1797
66.1864
66.1845
66.1809
66.1812
66.1692
66.1667
66.1631
66.1684
66.1862
66.1881
66.1807
66.1791
66.1751
66.1853
66.1759
66.1822
66.1785
66.1816
66.1683
66.1718
66.1619
66.1675
66.173
66.1824
66.1787
66.1669
66.1708
66.1647
66.1689
66.1687
66.1736
66.1721
66.1665
66.1822
66.1768
66.1651
66.1782
66.1748
66.1846
66.1836
66.1697
66.1723
66.1823
66.1741
66.1742
66.1872
66.1677
66.1752
66.1847
66.1817
66.2074
66.1587
66.1752
66.1818
66.1926
66.1776
66.1642
66.1812
66.1574
66.1743
66.1737
66.1628
66.1722
66.1781
66.1862
66.1816
66.1791
66.1607
66.1722
66.1876
66.1717
66.1774
66.17
66.1836
66.17
66.1734
66.1863
66.1775
66.1703
66.1888
66.1868
66.174
66.1613
66.1778
66.1655
66.1974
66.1747
66.1591
66.1718
66.177
66.1688
66.1943
66.1915
66.1699
66.1916
66.1726
66.1894
66.1761
66.1628
66.1777
66.1758
66.1845
66.1908
66.1679
66.1754
66.176
66.2061
66.1907
66.167
66.1775
66.1849
66.1632
66.1825
66.1886
66.1819
66.1711
66.1648
66.1694
66.1884
66.1756
66.1942
66.1768
66.1923
66.1662
66.166
66.1704
66.1691
66.181
66.1686
66.2048
66.1789
66.1604
66.1896
66.1813
66.2068
66.1703
66.186
66.1783
66.1803
66.1843
66.1677
66.1879
66.1717
66.1708
66.1747
66.1675
66.1785
66.1777
66.1929
66.1728
66.1829
66.1793
66.1679
66.1679
66.179
66.1693
66.184
66.1819
66.1719
66.1594
66.1777
66.1628
66.1592
66.1834
66.1731
66.1824
66.178
66.1679
66.1877
66.1707
66.1632
66.1666
66.176
66.1915
66.1667
66.1788
66.1778
66.1906
66.182
66.1723
66.1744
66.1746
66.1792
66.1757
66.2013
66.1663
66.1743
66.1683
66.1829
66.1624
66.173
66.1667
66.1758
66.1741
66.171
66.1674
66.17
66.181
66.1786
66.1602
66.1644
66.1636
66.1719
66.1689
66.1812
66.1807
66.1801
66.1701
66.1654
66.1771
66.1858
66.1679
66.177
66.1779
66.192
66.1757
66.1975
66.1718
66.1875
66.176
66.1803
66.1763
66.178
66.1757
66.1744
66.19
66.1781
66.1799
66.2096
66.1601
66.172
66.1717
66.1856
66.1661
66.1735
66.1735
66.1973
66.1744
66.1825
66.1858
66.1784
66.172
66.1949
66.1972
66.177
66.164
66.1875
66.1867
66.1844
66.1769
66.1784
66.1758
66.1893
66.2027
66.1868
66.1684
66.1707
66.1698
66.181
66.1757
66.1897
66.1979
66.185
66.1603
66.2007
66.1721
66.1865
66.1784
66.1875
66.1795
66.1668
66.1893
66.1823
66.2068
66.184
66.1736
66.1914
66.1738
66.1886
66.1539
66.1849
66.1683
66.1675
66.1781
66.1766
66.184
66.1809
66.1729
66.1799
66.181
66.1607
66.1606
66.1671
66.1849
66.1813
66.1748
66.1613
66.1661
66.1587
66.1686
66.1729
66.1752
66.1834
66.1698
66.1783
66.1621
66.176
66.1832
66.1695
66.1784
66.1811
66.1726
66.1759
66.1785
66.1829
66.1785
66.1816
66.1731
66.1743
66.1714
66.1682
66.1751
66.1728
66.1861
66.1757
66.1687
66.1631
66.1892
66.1706
66.1608
66.163
66.1813
66.1725
66.1735
66.1832
66.1717
66.1684
66.1722
66.1795
66.1754
66.1666
66.1684
66.1675
66.1743
66.1691
66.1878
66.1767
66.1639
66.1702
66.1907
66.1776
66.1922
66.1731
66.1686
66.1937
66.1757
66.1678
66.208
66.1808
66.1815
66.1933
66.1588
66.1684
66.1747
66.1618
66.166
66.1765
66.1876
66.1688
66.1614
66.1734
66.1775
66.165
66.2283
66.1741
66.1818
66.1666
66.1788
66.1804
66.1759
66.191
66.1656
66.1994
66.1711
66.1725
66.1613
66.1731
66.1935
66.1941
66.1761
66.1702
66.178
66.1711
66.1678
66.1917
66.1847
66.173
66.1635
66.1799
66.1762
66.1833
66.1774
66.1799
66.1748
66.1766
66.1995
66.1914
66.1655
66.1679
66.1772
66.1805
66.1756
66.1876
66.1891
66.1736
66.159
66.1858
66.1704
66.2175
66.1693
66.1804
66.1794
66.1675
66.1631
66.175
66.1772
66.1677
66.1714
66.1775
66.1786
66.1845
66.1717
66.1729
66.1658
66.1765
66.1854
66.178
66.1767
66.1835
66.178
66.2128
66.1678
66.1715
66.179
66.2023
66.1823
66.1778
66.1657
66.1717
66.1721
66.1752
66.1787
66.1869
66.1848
66.1957
66.2074
66.167
66.1746
66.1552
66.1622
66.1683
66.1703
66.1742
66.1875
66.1857
66.173
66.1836
66.2114
66.1764
66.1689
66.1753
66.1705
66.1889
66.2005
66.1921
66.1922
66.1853
66.1807
66.192
66.2003
66.1918
66.1691
66.1816
66.1848
66.173
66.1737
66.1726
66.1724
66.179
66.1771
66.1621
66.1696
66.1825
66.1714
66.1672
66.1983
66.1857
66.172
66.1747
66.1752
66.1808
66.1997
66.1671
66.1692
66.1792
66.1874
66.1686
66.1833
66.1739
66.1641
66.193
66.189
66.1723
66.1671
66.1674
66.1915
66.1829
66.1832
66.1805
66.1822
66.1758
66.1721
66.191
66.1889
66.1664
66.166
66.1782
66.1855
66.185
66.1545
66.1755
66.1766
66.1828
66.1703
66.1789
66.1955
66.1686
66.182
66.1748
66.1786
66.1805
66.1816
66.1669
66.1822
66.1987
66.1853
66.1766
66.1873
66.1737
66.1776
66.1763
66.1943
66.1697
66.1774
66.1792
66.1687
66.1696
66.1736
66.1802
66.1623
66.1658
66.1743
66.1782
66.1677
66.1622
66.1783
66.1737
66.177
66.1837
66.1722
66.1624
66.1875
66.1672
66.1637
66.1659
66.2012
66.187
66.2131
66.1711
66.1983
66.1679
66.1729
66.1657
66.1824
66.1699
66.165
66.1817
66.1666
66.1756
66.1728
66.2034
66.1794
66.1764
66.1796
66.1737
66.191
66.1753
66.1786
66.1733
66.1758
66.1782
66.1783
66.173
66.1793
66.178
66.1721
66.1682
66.1779
66.1619
66.1701
66.1746
66.1671
66.1737
66.1617
66.1708
66.1694
66.1811
66.1697
66.1685
66.1859
66.2083
66.1786
66.1637
66.173
66.1758
66.1689
66.1942
66.2058
66.1771
66.2161
66.1787
66.1731
66.1948
66.1672
66.1794
66.1936
66.1619
66.171
66.1971
66.173
66.1697
66.1787
66.186
66.18
66.1805
66.196
66.1878
66.1667
66.1946
66.176
66.1744
66.1834
66.1648
66.1678
66.2055
66.184
66.2037
66.1667
66.1657
66.1637
66.1886
66.1731
66.1636
66.1685
66.1713
66.1551
66.1762
66.1703
66.1691
66.2025
66.2017
66.1771
66.1711
66.1634
66.1726
66.1907
66.1677
66.1756
66.1855
66.1752
66.1775
66.1743
66.1786
66.1715
66.174
66.176
66.1817
66.189
66.1757
66.1762
66.1696
66.1684
66.1842
66.1692
66.1883
66.1755
66.1763
66.1921
66.171
66.1788
66.1879
66.1677
66.1751
66.2052
66.1785
66.2001
66.196
66.2047
66.1829
66.1731
66.1766
66.1708
66.173
66.1799
66.161
66.1772
66.1686
66.1809
66.1732
66.169
66.1767
66.1638
66.1772
66.175
66.1783
66.1664
66.1711
66.2046
66.1812
66.1758
66.2093
66.1836
66.1791
66.1767
66.1736
66.1811
66.184
66.1703
66.176
66.1862
66.1684
66.178
66.1801
66.1733
66.1949
66.1711
66.2091
66.1734
66.1701
66.1791
66.1925
66.1763
66.1711
66.1761
66.175
66.1699
66.1615
66.1861
66.1716
66.1784
66.1751
66.1972
66.1811
66.1848
66.1787
66.1651
66.1752
66.1773
66.1798
66.1715
66.1712
66.1814
66.1764
66.2018
66.174
66.178
66.1831
66.1683
66.1719
66.1972
66.1707
66.1855
66.1981
66.1649
66.1652
66.2118
66.1772
66.1983
66.1782
66.1777
66.2077
66.173
66.1744
66.1693
66.1619
66.174
66.1796
66.1748
66.177
66.1671
66.1698
66.1669
66.1717
66.1654
66.1729
66.1832
66.1703
66.1828
66.1751
66.2042
66.1752
66.1752
66.1761
66.1827
66.1709
66.1912
66.1997
66.1786
66.1808
66.2118
66.1815
66.1712
66.1939
66.1768
66.1895
66.1826
66.1662
66.178
66.191
66.1903
66.1756
66.1901
66.1707
66.179
66.1936
66.1623
