1.75577
1.47831
1.34052
1.24277
1.27777
1.18097
1.19674
1.17179
0.882908
0.882923
0.882994
0.882956
0.882956
0.88298
0.882933
0.882936
0.882938
0.882912
0.882895
0.88289
0.882911
0.882907
0.882853
0.882913
0.882865
0.882937
0.882952
0.882962
0.882873
0.882948
0.882981
0.882986
0.882955
0.882914
0.882892
0.88299
0.882991
0.882878
0.882958
0.914339
0.882854
0.914178
0.88291
0.914342
0.882882
0.914492
0.882829
0.914455
0.882804
0.914443
0.882822
0.91436
0.882846
0.914353
0.882936
0.914376
0.882894
0.914578
0.882858
0.914404
0.882899
0.914444
0.884093
0.914446
0.882897
0.91455
0.882876
0.914761
0.88295
0.914515
0.882991
0.915372
0.882992
0.91472
0.882994
0.914566
0.882961
0.914839
0.882968
0.914627
0.882917
0.914704
0.882981
0.914635
0.882969
0.91462
0.883031
0.914801
0.882967
0.914668
0.88303
0.914841
0.882974
0.914669
0.882978
0.914849
