0.0745864
0.0774357
0.0813013
0.0854834
0.090078
0.0951822
0.101141
0.107619
0.114799
0.122751
0.131909
0.142242
0.154255
0.168265
0.184635
0.203948
0.227089
0.255229
0.289384
0.33144
0.383421
0.446814
0.522501
0.608555
0.696896
0.775892
0.833108
0.868107
0.885578
0.893641
0.897696
0.898864
0.89943
0.900079
0.901126
0.900129
0.900042
0.900703
0.900491
0.900132
0.90059
0.899946
0.899659
0.900377
0.899916
0.901208
0.900211
0.899429
0.899578
0.90012
0.900852
0.899604
0.900771
0.900176
0.899608
0.900333
0.899816
0.899819
0.899736
0.899535
0.89993
0.899562
0.900305
0.899735
0.900221
0.900019
0.899666
0.899595
0.899851
0.899547
0.900162
0.899966
0.898724
0.89898
0.900598
0.899253
0.899706
0.899705
0.900056
0.899917
0.899983
0.900079
0.899838
0.90012
0.899764
0.900196
0.900071
0.899807
0.900138
0.899984
0.899913
0.900048
0.900086
0.899824
0.900068
0.899986
0.900036
