0.25
0.174392
0.170514
0.17258
0.169059
0.173194
0.170748
0.171742
0.171912
0.172127
0.171022
0.171895
0.17004
0.172403
0.170652
0.171904
0.168458
0.172979
0.171643
0.171737
0.169488
0.171167
0.172556
0.171347
0.171503
0.171733
0.172151
0.171907
0.168396
0.173197
0.170274
0.172701
0.170928
0.172592
0.171837
0.171815
0.171334
0.172277
0.165444
0.174649
0.170749
0.17224
0.171721
0.171671
0.17214
0.171359
0.172042
0.171037
0.172346
0.171618
0.171575
0.172321
0.164818
0.174872
0.167879
0.173331
0.170875
0.1726
0.167019
0.173346
0.170709
0.172002
0.171173
0.171461
0.172184
0.168778
0.171443
0.171627
0.17199
0.16269
0.176094
0.164564
0.174857
0.170753
0.166489
0.174168
0.165988
0.174165
0.170494
0.169059
0.17028
0.171293
0.172133
0.171488
0.172056
0.171673
0.171874
0.171351
0.172277
0.171784
0.171261
0.172063
0.171561
0.172248
0.171694
0.171506
0.172146
