0.0313239
0.365758
0.420456
0.490458
0.577779
0.608906
0.646886
0.694143
0.673108
0.67377
0.704526
0.702305
0.723128
0.671319
0.693918
0.717108
0.713586
0.712538
0.672102
0.696909
0.715937
0.69569
0.715785
0.679226
0.700515
0.687828
0.714509
0.667256
0.701186
0.689983
0.741158
0.694626
0.69602
0.70767
0.70541
0.700388
0.680251
0.707756
0.656887
0.722212
0.704533
0.71455
0.681916
0.716291
0.703951
0.702468
0.718384
0.688162
0.710678
0.690511
0.686599
0.701034
0.72419
0.692321
0.699862
0.688061
0.695611
0.691571
0.727114
0.677879
0.723745
0.695967
0.69313
0.694785
0.699441
0.694017
0.694258
0.685888
0.698779
0.704687
0.690451
0.704933
0.712082
0.726932
0.677454
0.676186
0.710847
0.718692
0.722514
0.709242
0.682599
0.679259
0.724528
0.713318
0.68997
0.684101
0.718379
0.667578
0.702314
0.686911
0.734235
0.690207
0.708945
0.687556
0.711223
0.686857
0.701921
