0.4
0.300082
0.245322
0.204589
0.175034
0.159062
0.152884
0.146001
0.147267
0.14709
0.148691
0.145987
0.146987
0.148095
0.148978
0.147093
0.147615
0.14779
0.148141
0.147566
0.147434
0.147052
0.147495
0.148253
0.148477
0.148322
0.148537
0.149034
0.148669
0.147242
0.147303
0.146476
0.148577
0.149136
0.14834
0.147519
0.147587
0.148902
0.149663
0.148412
0.149055
0.146402
0.147615
0.146156
0.146372
0.148268
0.149407
0.148888
0.148746
0.1463
0.146793
0.149133
0.149212
0.14614
0.146731
0.145825
0.148226
0.149079
0.148245
0.146097
0.147098
0.144037
0.146505
0.148397
0.147077
0.148542
0.148299
0.149037
0.146916
0.146013
0.14691
0.145109
0.146444
0.148877
0.147853
0.148841
0.14947
0.14697
0.14661
0.148341
0.148906
0.148152
0.145263
0.147881
0.148282
0.149302
0.148326
0.148657
0.147993
0.147789
0.14737
0.146829
0.147129
0.146977
0.146866
0.147854
0.147235
