0.25
0.140033
0.159271
0.144188
0.157933
0.145234
0.152942
0.146073
0.156504
0.144195
0.154311
0.147713
0.152682
0.148348
0.151154
0.150473
0.151394
0.149812
0.151209
0.150135
0.15153
0.149364
0.150255
0.151244
0.149919
0.151461
0.150004
0.151497
0.149639
0.147587
0.152914
0.149523
0.150422
0.151125
0.150382
0.150568
0.151499
0.150127
0.149944
0.152199
0.149158
0.152266
0.149292
0.152001
0.149322
0.151765
0.14956
0.151709
0.149788
0.151574
0.148153
0.152079
0.14891
0.153433
0.148188
0.15371
0.147848
0.152495
0.148584
0.152924
0.14885
0.148613
0.152244
0.14924
0.151943
0.149091
0.149026
0.152474
0.148524
0.153284
0.148252
0.152743
0.148816
0.15118
0.150211
0.150671
0.150429
0.150884
0.14951
0.151337
0.149892
0.151711
0.148931
0.151034
0.15016
0.151162
0.15012
0.150384
0.150724
0.150522
0.149327
0.15223
0.1486
0.152948
0.148394
0.151348
0.14987
0.15206
