0.8
0.8
0.8
0.8
0.8
0.8
0.8
0.8
0.8
0.8
0.8
0.8
0.8
0.8
0.8
0.8
0.8
0.8
0.8
0.8
0.8
0.8
0.8
0.8
0.8
0.8
0.8
0.8
0.8
0.8
0.8
0.8
0.8
0.8
0.8
0.764507
0.764507
0.764507
0.764507
0.764507
0.764507
0.764507
0.764507
0.764507
0.764507
0.764507
0.764507
0.764507
0.764507
0.764507
0.764507
0.764507
0.764507
0.764507
0.764507
0.764507
0.764507
0.764507
0.764507
0.764507
0.764507
0.764507
0.764507
0.764507
0.764507
0.764507
0.764507
0.764507
0.764507
0.764507
0.729137
0.729137
0.729137
0.729137
0.729137
0.729137
0.729137
0.729137
0.729137
0.729137
0.729137
0.729137
0.729137
0.729137
0.729137
0.729137
0.729137
0.729137
0.729137
0.729137
0.729137
0.729137
0.729137
0.729137
0.729137
0.729137
0.729137
0.729137
0.729137
0.729137
0.729137
0.729137
0.729137
0.729137
0.729137
0.693933
0.693933
0.693933
0.693933
0.693933
0.693933
0.693933
0.693933
0.693933
0.693933
0.693933
0.693933
0.693933
0.693933
0.693933
0.693933
0.693933
0.693933
0.693933
0.693933
0.693933
0.693933
0.693933
0.693933
0.693933
0.693933
0.693933
0.693933
0.693933
0.693933
0.693933
0.693933
0.693933
0.693933
0.693933
0.658909
0.658909
0.658909
0.658909
0.658909
0.658909
0.658909
0.658909
0.658909
0.658909
0.658909
0.658909
0.658909
0.658909
0.658909
0.658909
0.658909
0.658909
0.658909
0.658909
0.658909
0.658909
0.658909
0.658909
0.658909
0.658909
0.658909
0.658909
0.658909
0.658909
0.658909
0.658909
0.658909
0.658909
0.658909
0.624082
0.624082
0.624082
0.624082
0.624082
0.624082
0.624082
0.624082
0.624082
0.624082
0.624082
0.624082
0.624082
0.624082
0.624082
0.624082
0.624082
0.624082
0.624082
0.624082
0.624082
0.624082
0.624082
0.624082
0.624082
0.624082
0.624082
0.624082
0.624082
0.624082
0.624082
0.624082
0.624082
0.624082
0.624082
0.589475
0.589475
0.589475
0.589475
0.589475
0.589475
0.589475
0.589475
0.589475
0.589475
0.589475
0.589475
0.589475
0.589475
0.589475
0.589475
0.589475
0.589475
0.589475
0.589475
0.589475
0.589475
0.589475
0.589475
0.589475
0.589475
0.589475
0.589475
0.589475
0.589475
0.589475
0.589475
0.589475
0.589475
0.589475
0.555124
0.555124
0.555124
0.555124
0.555124
0.555124
0.555124
0.555124
0.555124
0.555124
0.555124
0.555124
0.555124
0.555124
0.555124
0.555124
0.555124
0.555124
0.555124
0.555124
0.555124
0.555124
0.555124
0.555124
0.555124
0.555124
0.555124
0.555124
0.555124
0.555124
0.555124
0.555124
0.555124
0.555124
0.555124
0.521052
0.521052
0.521052
0.521052
0.521052
0.521052
0.521052
0.521052
0.521052
0.521052
0.521052
0.521052
0.521052
0.521052
0.521052
0.521052
0.521052
0.521052
0.521052
0.521052
0.521052
0.521052
0.521052
0.521052
0.521052
0.521052
0.521052
0.521052
0.521052
0.521052
0.521052
0.521052
0.521052
0.521052
0.521052
0.487288
0.487288
0.487288
0.487288
0.487288
0.487288
0.487288
0.487288
0.487288
0.487288
0.487288
0.487288
0.487288
0.487288
0.487288
0.487288
0.487288
0.487288
0.487288
0.487288
0.487288
0.487288
0.487288
0.487288
0.487288
0.487288
0.487288
0.487288
0.487288
0.487288
0.487288
0.487288
0.487288
0.487288
0.487288
0.453866
0.453866
0.453866
0.453866
0.453866
0.453866
0.453866
0.453866
0.453866
0.453866
0.453866
0.453866
0.453866
0.453866
0.453866
0.453866
0.453866
0.453866
0.453866
0.453866
0.453866
0.453866
0.453866
0.453866
0.453866
0.453866
0.453866
0.453866
0.453866
0.453866
0.453866
0.453866
0.453866
0.453866
0.453866
0.420838
0.420838
0.420838
0.420838
0.420838
0.420838
0.420838
0.420838
0.420838
0.420838
0.420838
0.420838
0.420838
0.420838
0.420838
0.420838
0.420838
0.420838
0.420838
0.420838
0.420838
0.420838
0.420838
0.420838
0.420838
0.420838
0.420838
0.420838
0.420838
0.420838
0.420838
0.420838
0.420838
0.420838
0.420838
0.388255
0.388255
0.388255
0.388255
0.388255
0.388255
0.388255
0.388255
0.388255
0.388255
0.388255
0.388255
0.388255
0.388255
0.388255
0.388255
0.388255
0.388255
0.388255
0.388255
0.388255
0.388255
0.388255
0.388255
0.388255
0.388255
0.388255
0.388255
0.388255
0.388255
0.388255
0.388255
0.388255
0.388255
0.388255
0.356188
0.356188
0.356188
0.356188
0.356188
0.356188
0.356188
0.356188
0.356188
0.356188
0.356188
0.356188
0.356188
0.356188
0.356188
0.356188
0.356188
0.356188
0.356188
0.356188
0.356188
0.356188
0.356188
0.356188
0.356188
0.356188
0.356188
0.356188
0.356188
0.356188
0.356188
0.356188
0.356188
0.356188
0.356188
0.324723
0.324723
0.324723
0.324723
0.324723
0.324723
0.324723
0.324723
0.324723
0.324723
0.324723
0.324723
0.324723
0.324723
0.324723
0.324723
0.324723
0.324723
0.324723
0.324723
0.324723
0.324723
0.324723
0.324723
0.324723
0.324723
0.324723
0.324723
0.324723
0.324723
0.324723
0.324723
0.324723
0.324723
0.324723
0.293962
0.293962
0.293962
0.293962
0.293962
0.293962
0.293962
0.293962
0.293962
0.293962
0.293962
0.293962
0.293962
0.293962
0.293962
0.293962
0.293962
0.293962
0.293962
0.293962
0.293962
0.293962
0.293962
0.293962
0.293962
0.293962
0.293962
0.293962
0.293962
0.293962
0.293962
0.293962
0.293962
0.293962
0.293962
0.264032
0.264032
0.264032
0.264032
0.264032
0.264032
0.264032
0.264032
0.264032
0.264032
0.264032
0.264032
0.264032
0.264032
0.264032
0.264032
0.264032
0.264032
0.264032
0.264032
0.264032
0.264032
0.264032
0.264032
0.264032
0.264032
0.264032
0.264032
0.264032
0.264032
0.264032
0.264032
0.264032
0.264032
0.264032
0.235097
0.235097
0.235097
0.235097
0.235097
0.235097
0.235097
0.235097
0.235097
0.235097
0.235097
0.235097
0.235097
0.235097
0.235097
0.235097
0.235097
0.235097
0.235097
0.235097
0.235097
0.235097
0.235097
0.235097
0.235097
0.235097
0.235097
0.235097
0.235097
0.235097
0.235097
0.235097
0.235097
0.235097
0.235097
0.207372
0.207372
0.207372
0.207372
0.207372
0.207372
0.207372
0.207372
0.207372
0.207372
0.207372
0.207372
0.207372
0.207372
0.207372
0.207372
0.207372
0.207372
0.207372
0.207372
0.207372
0.207372
0.207372
0.207372
0.207372
0.207372
0.207372
0.207372
0.207372
0.207372
0.207372
0.207372
0.207372
0.207372
0.207372
0.181115
0.181115
0.181115
0.181115
0.181115
0.181115
0.181115
0.181115
0.181115
0.181115
0.181115
0.181115
0.181115
0.181115
0.181115
0.181115
0.181115
0.181115
0.181115
0.181115
0.181115
0.181115
0.181115
0.181115
0.181115
0.181115
0.181115
0.181115
0.181115
0.181115
0.181115
0.181115
0.181115
0.181115
0.181115
0.156667
0.156667
0.156667
0.156667
0.156667
0.156667
0.156667
0.156667
0.156667
0.156667
0.156667
0.156667
0.156667
0.156667
0.156667
0.156667
0.156667
0.156667
0.156667
0.156667
0.156667
0.156667
0.156667
0.156667
0.156667
0.156667
0.156667
0.156667
0.156667
0.156667
0.156667
0.156667
0.156667
0.156667
0.156667
0.134454
0.134454
0.134454
0.134454
0.134454
0.134454
0.134454
0.134454
0.134454
0.134454
0.134454
0.134454
0.134454
0.134454
0.134454
0.134454
0.134454
0.134454
0.134454
0.134454
0.134454
0.134454
0.134454
0.134454
0.134454
0.134454
0.134454
0.134454
0.134454
0.134454
0.134454
0.134454
0.134454
0.134454
0.134454
0.114967
0.114967
0.114967
0.114967
0.114967
0.114967
0.114967
0.114967
0.114967
0.114967
0.114967
0.114967
0.114967
0.114967
0.114967
0.114967
0.114967
0.114967
0.114967
0.114967
0.114967
0.114967
0.114967
0.114967
0.114967
0.114967
0.114967
0.114967
0.114967
0.114967
0.114967
0.114967
0.114967
0.114967
0.114967
0.0987349
0.0987349
0.0987349
0.0987349
0.0987349
0.0987349
0.0987349
0.0987349
0.0987349
0.0987349
0.0987349
0.0987349
0.0987349
0.0987349
0.0987349
0.0987349
0.0987349
0.0987349
0.0987349
0.0987349
0.0987349
0.0987349
0.0987349
0.0987349
0.0987349
0.0987349
0.0987349
0.0987349
0.0987349
0.0987349
0.0987349
0.0987349
0.0987349
0.0987349
0.0987349
0.0862028
0.0862028
0.0862028
0.0862028
0.0862028
0.0862028
0.0862028
0.0862028
0.0862028
0.0862028
0.0862028
0.0862028
0.0862028
0.0862028
0.0862028
0.0862028
0.0862028
0.0862028
0.0862028
0.0862028
0.0862028
0.0862028
0.0862028
0.0862028
0.0862028
0.0862028
0.0862028
0.0862028
0.0862028
0.0862028
0.0862028
0.0862028
0.0862028
0.0862028
0.0862028
0.0774693
0.0774693
0.0774693
0.0774693
0.0774693
0.0774693
0.0774693
0.0774693
0.0774693
0.0774693
0.0774693
0.0774693
0.0774693
0.0774693
0.0774693
0.0774693
0.0774693
0.0774693
0.0774693
0.0774693
0.0774693
0.0774693
0.0774693
0.0774693
0.0774693
0.0774693
0.0774693
0.0774693
0.0774693
0.0774693
0.0774693
0.0774693
0.0774693
0.0774693
0.0774693
0.0721327
0.0721327
0.0721327
0.0721327
0.0721327
0.0721327
0.0721327
0.0721327
0.0721327
0.0721327
0.0721327
0.0721327
0.0721327
0.0721327
0.0721327
0.0721327
0.0721327
0.0721327
0.0721327
0.0721327
0.0721327
0.0721327
0.0721327
0.0721327
0.0721327
0.0721327
0.0721327
0.0721327
0.0721327
0.0721327
0.0721327
0.0721327
0.0721327
0.0721327
0.0721327
0.0692563
0.0692563
0.0692563
0.0692563
0.0692563
0.0692563
0.0692563
0.0692563
0.0692563
0.0692563
0.0692563
0.0692563
0.0692563
0.0692563
0.0692563
0.0692563
0.0692563
0.0692563
0.0692563
0.0692563
0.0692563
0.0692563
0.0692563
0.0692563
0.0692563
0.0692563
0.0692563
0.0692563
0.0692563
0.0692563
0.0692563
0.0692563
0.0692563
0.0692563
0.0692563
0.0678849
0.0678849
0.0678849
0.0678849
0.0678849
0.0678849
0.0678849
0.0678849
0.0678849
0.0678849
0.0678849
0.0678849
0.0678849
0.0678849
0.0678849
0.0678849
0.0678849
0.0678849
0.0678849
0.0678849
0.0678849
0.0678849
0.0678849
0.0678849
0.0678849
0.0678849
0.0678849
0.0678849
0.0678849
0.0678849
0.0678849
0.0678849
0.0678849
0.0678849
0.0678849
0.0672648
0.0672648
0.0672648
0.0672648
0.0672648
0.0672648
0.0672648
0.0672648
0.0672648
0.0672648
0.0672648
0.0672648
0.0672648
0.0672648
0.0672648
0.0672648
0.0672648
0.0672648
0.0672648
0.0672648
0.0672648
0.0672648
0.0672648
0.0672648
0.0672648
0.0672648
0.0672648
0.0672648
0.0672648
0.0672648
0.0672648
0.0672648
0.0672648
0.0672648
0.0672648
0.0669913
0.0669913
0.0669913
0.0669913
0.0669913
0.0669913
0.0669913
0.0669913
0.0669913
0.0669913
0.0669913
0.0669913
0.0669913
0.0669913
0.0669913
0.0669913
0.0669913
0.0669913
0.0669913
0.0669913
0.0669913
0.0669913
0.0669913
0.0669913
0.0669913
0.0669913
0.0669913
0.0669913
0.0669913
0.0669913
0.0669913
0.0669913
0.0669913
0.0669913
0.0669913
0.0668922
0.0668922
0.0668922
0.0668922
0.0668922
0.0668922
0.0668922
0.0668922
0.0668922
0.0668922
0.0668922
0.0668922
0.0668922
0.0668922
0.0668922
0.0668922
0.0668922
0.0668922
0.0668922
0.0668922
0.0668922
0.0668922
0.0668922
0.0668922
0.0668922
0.0668922
0.0668922
0.0668922
0.0668922
0.0668922
0.0668922
0.0668922
0.0668922
0.0668922
0.0668922
0.0668434
0.0668434
0.0668434
0.0668434
0.0668434
0.0668434
0.0668434
0.0668434
0.0668434
0.0668434
0.0668434
0.0668434
0.0668434
0.0668434
0.0668434
0.0668434
0.0668434
0.0668434
0.0668434
0.0668434
0.0668434
0.0668434
0.0668434
0.0668434
0.0668434
0.0668434
0.0668434
0.0668434
0.0668434
0.0668434
0.0668434
0.0668434
0.0668434
0.0668434
0.0668434
0.0668189
0.0668189
0.0668189
0.0668189
0.0668189
0.0668189
0.0668189
0.0668189
0.0668189
0.0668189
0.0668189
0.0668189
0.0668189
0.0668189
0.0668189
0.0668189
0.0668189
0.0668189
0.0668189
0.0668189
0.0668189
0.0668189
0.0668189
0.0668189
0.0668189
0.0668189
0.0668189
0.0668189
0.0668189
0.0668189
0.0668189
0.0668189
0.0668189
0.0668189
0.0668189
0.0668223
0.0668223
0.0668223
0.0668223
0.0668223
0.0668223
0.0668223
0.0668223
0.0668223
0.0668223
0.0668223
0.0668223
0.0668223
0.0668223
0.0668223
0.0668223
0.0668223
0.0668223
0.0668223
0.0668223
0.0668223
0.0668223
0.0668223
0.0668223
0.0668223
0.0668223
0.0668223
0.0668223
0.0668223
0.0668223
0.0668223
0.0668223
0.0668223
0.0668223
0.0668223
0.0668707
0.0668707
0.0668707
0.0668707
0.0668707
0.0668707
0.0668707
0.0668707
0.0668707
0.0668707
0.0668707
0.0668707
0.0668707
0.0668707
0.0668707
0.0668707
0.0668707
0.0668707
0.0668707
0.0668707
0.0668707
0.0668707
0.0668707
0.0668707
0.0668707
0.0668707
0.0668707
0.0668707
0.0668707
0.0668707
0.0668707
0.0668707
0.0668707
0.0668707
0.0668707
0.0668762
0.0668762
0.0668762
0.0668762
0.0668762
0.0668762
0.0668762
0.0668762
0.0668762
0.0668762
0.0668762
0.0668762
0.0668762
0.0668762
0.0668762
0.0668762
0.0668762
0.0668762
0.0668762
0.0668762
0.0668762
0.0668762
0.0668762
0.0668762
0.0668762
0.0668762
0.0668762
0.0668762
0.0668762
0.0668762
0.0668762
0.0668762
0.0668762
0.0668762
0.0668762
0.066878
0.066878
0.066878
0.066878
0.066878
0.066878
0.066878
0.066878
0.066878
0.066878
0.066878
0.066878
0.066878
0.066878
0.066878
0.066878
0.066878
0.066878
0.066878
0.066878
0.066878
0.066878
0.066878
0.066878
0.066878
0.066878
0.066878
0.066878
0.066878
0.066878
0.066878
0.066878
0.066878
0.066878
0.066878
0.0669083
0.0669083
0.0669083
0.0669083
0.0669083
0.0669083
0.0669083
0.0669083
0.0669083
0.0669083
0.0669083
0.0669083
0.0669083
0.0669083
0.0669083
0.0669083
0.0669083
0.0669083
0.0669083
0.0669083
0.0669083
0.0669083
0.0669083
0.0669083
0.0669083
0.0669083
0.0669083
0.0669083
0.0669083
0.0669083
0.0669083
0.0669083
0.0669083
0.0669083
0.0669083
0.0669294
0.0669294
0.0669294
0.0669294
0.0669294
0.0669294
0.0669294
0.0669294
0.0669294
0.0669294
0.0669294
0.0669294
0.0669294
0.0669294
0.0669294
0.0669294
0.0669294
0.0669294
0.0669294
0.0669294
0.0669294
0.0669294
0.0669294
0.0669294
0.0669294
0.0669294
0.0669294
0.0669294
0.0669294
0.0669294
0.0669294
0.0669294
0.0669294
0.0669294
0.0669294
0.0669351
0.0669351
0.0669351
0.0669351
0.0669351
0.0669351
0.0669351
0.0669351
0.0669351
0.0669351
0.0669351
0.0669351
0.0669351
0.0669351
0.0669351
0.0669351
0.0669351
0.0669351
0.0669351
0.0669351
0.0669351
0.0669351
0.0669351
0.0669351
0.0669351
0.0669351
0.0669351
0.0669351
0.0669351
0.0669351
0.0669351
0.0669351
0.0669351
0.0669351
0.0669351
0.0669605
0.0669605
0.0669605
0.0669605
0.0669605
0.0669605
0.0669605
0.0669605
0.0669605
0.0669605
0.0669605
0.0669605
0.0669605
0.0669605
0.0669605
0.0669605
0.0669605
0.0669605
0.0669605
0.0669605
0.0669605
0.0669605
0.0669605
0.0669605
0.0669605
0.0669605
0.0669605
0.0669605
0.0669605
0.0669605
0.0669605
0.0669605
0.0669605
0.0669605
0.0669605
0.0669581
0.0669581
0.0669581
0.0669581
0.0669581
0.0669581
0.0669581
0.0669581
0.0669581
0.0669581
0.0669581
0.0669581
0.0669581
0.0669581
0.0669581
0.0669581
0.0669581
0.0669581
0.0669581
0.0669581
0.0669581
0.0669581
0.0669581
0.0669581
0.0669581
0.0669581
0.0669581
0.0669581
0.0669581
0.0669581
0.0669581
0.0669581
0.0669581
0.0669581
0.0669581
0.0669435
0.0669435
0.0669435
0.0669435
0.0669435
0.0669435
0.0669435
0.0669435
0.0669435
0.0669435
0.0669435
0.0669435
0.0669435
0.0669435
0.0669435
0.0669435
0.0669435
0.0669435
0.0669435
0.0669435
0.0669435
0.0669435
0.0669435
0.0669435
0.0669435
0.0669435
0.0669435
0.0669435
0.0669435
0.0669435
0.0669435
0.0669435
0.0669435
0.0669435
0.0669435
0.0669597
0.0669597
0.0669597
0.0669597
0.0669597
0.0669597
0.0669597
0.0669597
0.0669597
0.0669597
0.0669597
0.0669597
0.0669597
0.0669597
0.0669597
0.0669597
0.0669597
0.0669597
0.0669597
0.0669597
0.0669597
0.0669597
0.0669597
0.0669597
0.0669597
0.0669597
0.0669597
0.0669597
0.0669597
0.0669597
0.0669597
0.0669597
0.0669597
0.0669597
0.0669597
0.0669561
0.0669561
0.0669561
0.0669561
0.0669561
0.0669561
0.0669561
0.0669561
0.0669561
0.0669561
0.0669561
0.0669561
0.0669561
0.0669561
0.0669561
0.0669561
0.0669561
0.0669561
0.0669561
0.0669561
0.0669561
0.0669561
0.0669561
0.0669561
0.0669561
0.0669561
0.0669561
0.0669561
0.0669561
0.0669561
0.0669561
0.0669561
0.0669561
0.0669561
0.0669561
0.067008
0.067008
0.067008
0.067008
0.067008
0.067008
0.067008
0.067008
0.067008
0.067008
0.067008
0.067008
0.067008
0.067008
0.067008
0.067008
0.067008
0.067008
0.067008
0.067008
0.067008
0.067008
0.067008
0.067008
0.067008
0.067008
0.067008
0.067008
0.067008
0.067008
0.067008
0.067008
0.067008
0.067008
0.067008
0.0670171
0.0670171
0.0670171
0.0670171
0.0670171
0.0670171
0.0670171
0.0670171
0.0670171
0.0670171
0.0670171
0.0670171
0.0670171
0.0670171
0.0670171
0.0670171
0.0670171
0.0670171
0.0670171
0.0670171
0.0670171
0.0670171
0.0670171
0.0670171
0.0670171
0.0670171
0.0670171
0.0670171
0.0670171
0.0670171
0.0670171
0.0670171
0.0670171
0.0670171
0.0670171
0.0669925
0.0669925
0.0669925
0.0669925
0.0669925
0.0669925
0.0669925
0.0669925
0.0669925
0.0669925
0.0669925
0.0669925
0.0669925
0.0669925
0.0669925
0.0669925
0.0669925
0.0669925
0.0669925
0.0669925
0.0669925
0.0669925
0.0669925
0.0669925
0.0669925
0.0669925
0.0669925
0.0669925
0.0669925
0.0669925
0.0669925
0.0669925
0.0669925
0.0669925
0.0669925
0.0669744
0.0669744
0.0669744
0.0669744
0.0669744
0.0669744
0.0669744
0.0669744
0.0669744
0.0669744
0.0669744
0.0669744
0.0669744
0.0669744
0.0669744
0.0669744
0.0669744
0.0669744
0.0669744
0.0669744
0.0669744
0.0669744
0.0669744
0.0669744
0.0669744
0.0669744
0.0669744
0.0669744
0.0669744
0.0669744
0.0669744
0.0669744
0.0669744
0.0669744
0.0669744
0.0669795
0.0669795
0.0669795
0.0669795
0.0669795
0.0669795
0.0669795
0.0669795
0.0669795
0.0669795
0.0669795
0.0669795
0.0669795
0.0669795
0.0669795
0.0669795
0.0669795
0.0669795
0.0669795
0.0669795
0.0669795
0.0669795
0.0669795
0.0669795
0.0669795
0.0669795
0.0669795
0.0669795
0.0669795
0.0669795
0.0669795
0.0669795
0.0669795
0.0669795
0.0669795
0.0670162
0.0670162
0.0670162
0.0670162
0.0670162
0.0670162
0.0670162
0.0670162
0.0670162
0.0670162
0.0670162
0.0670162
0.0670162
0.0670162
0.0670162
0.0670162
0.0670162
0.0670162
0.0670162
0.0670162
0.0670162
0.0670162
0.0670162
0.0670162
0.0670162
0.0670162
0.0670162
0.0670162
0.0670162
0.0670162
0.0670162
0.0670162
0.0670162
0.0670162
0.0670162
0.0669991
0.0669991
0.0669991
0.0669991
0.0669991
0.0669991
0.0669991
0.0669991
0.0669991
0.0669991
0.0669991
0.0669991
0.0669991
0.0669991
0.0669991
0.0669991
0.0669991
0.0669991
0.0669991
0.0669991
0.0669991
0.0669991
0.0669991
0.0669991
0.0669991
0.0669991
0.0669991
0.0669991
0.0669991
0.0669991
0.0669991
0.0669991
0.0669991
0.0669991
0.0669991
0.0670323
0.0670323
0.0670323
0.0670323
0.0670323
0.0670323
0.0670323
0.0670323
0.0670323
0.0670323
0.0670323
0.0670323
0.0670323
0.0670323
0.0670323
0.0670323
0.0670323
0.0670323
0.0670323
0.0670323
0.0670323
0.0670323
0.0670323
0.0670323
0.0670323
0.0670323
0.0670323
0.0670323
0.0670323
0.0670323
0.0670323
0.0670323
0.0670323
0.0670323
0.0670323
0.0670399
0.0670399
0.0670399
0.0670399
0.0670399
0.0670399
0.0670399
0.0670399
0.0670399
0.0670399
0.0670399
0.0670399
0.0670399
0.0670399
0.0670399
0.0670399
0.0670399
0.0670399
0.0670399
0.0670399
0.0670399
0.0670399
0.0670399
0.0670399
0.0670399
0.0670399
0.0670399
0.0670399
0.0670399
0.0670399
0.0670399
0.0670399
0.0670399
0.0670399
0.0670399
0.067023
0.067023
0.067023
0.067023
0.067023
0.067023
0.067023
0.067023
0.067023
0.067023
0.067023
0.067023
0.067023
0.067023
0.067023
0.067023
0.067023
0.067023
0.067023
0.067023
0.067023
0.067023
0.067023
0.067023
0.067023
0.067023
0.067023
0.067023
0.067023
0.067023
0.067023
0.067023
0.067023
0.067023
0.067023
0.0670374
0.0670374
0.0670374
0.0670374
0.0670374
0.0670374
0.0670374
0.0670374
0.0670374
0.0670374
0.0670374
0.0670374
0.0670374
0.0670374
0.0670374
0.0670374
0.0670374
0.0670374
0.0670374
0.0670374
0.0670374
0.0670374
0.0670374
0.0670374
0.0670374
0.0670374
0.0670374
0.0670374
0.0670374
0.0670374
0.0670374
0.0670374
0.0670374
0.0670374
0.0670374
0.0670294
0.0670294
0.0670294
0.0670294
0.0670294
0.0670294
0.0670294
0.0670294
0.0670294
0.0670294
0.0670294
0.0670294
0.0670294
0.0670294
0.0670294
0.0670294
0.0670294
0.0670294
0.0670294
0.0670294
0.0670294
0.0670294
0.0670294
0.0670294
0.0670294
0.0670294
0.0670294
0.0670294
0.0670294
0.0670294
0.0670294
0.0670294
0.0670294
0.0670294
0.0670294
0.0670217
0.0670217
0.0670217
0.0670217
0.0670217
0.0670217
0.0670217
0.0670217
0.0670217
0.0670217
0.0670217
0.0670217
0.0670217
0.0670217
0.0670217
0.0670217
0.0670217
0.0670217
0.0670217
0.0670217
0.0670217
0.0670217
0.0670217
0.0670217
0.0670217
0.0670217
0.0670217
0.0670217
0.0670217
0.0670217
0.0670217
0.0670217
0.0670217
0.0670217
0.0670217
0.0670103
0.0670103
0.0670103
0.0670103
0.0670103
0.0670103
0.0670103
0.0670103
0.0670103
0.0670103
0.0670103
0.0670103
0.0670103
0.0670103
0.0670103
0.0670103
0.0670103
0.0670103
0.0670103
0.0670103
0.0670103
0.0670103
0.0670103
0.0670103
0.0670103
0.0670103
0.0670103
0.0670103
0.0670103
0.0670103
0.0670103
0.0670103
0.0670103
0.0670103
0.0670103
0.0669903
0.0669903
0.0669903
0.0669903
0.0669903
0.0669903
0.0669903
0.0669903
0.0669903
0.0669903
0.0669903
0.0669903
0.0669903
0.0669903
0.0669903
0.0669903
0.0669903
0.0669903
0.0669903
0.0669903
0.0669903
0.0669903
0.0669903
0.0669903
0.0669903
0.0669903
0.0669903
0.0669903
0.0669903
0.0669903
0.0669903
0.0669903
0.0669903
0.0669903
0.0669903
0.0669873
0.0669873
0.0669873
0.0669873
0.0669873
0.0669873
0.0669873
0.0669873
0.0669873
0.0669873
0.0669873
0.0669873
0.0669873
0.0669873
0.0669873
0.0669873
0.0669873
0.0669873
0.0669873
0.0669873
0.0669873
0.0669873
0.0669873
0.0669873
0.0669873
0.0669873
0.0669873
0.0669873
0.0669873
0.0669873
0.0669873
0.0669873
0.0669873
0.0669873
0.0669873
0.0669685
0.0669685
0.0669685
0.0669685
0.0669685
0.0669685
0.0669685
0.0669685
0.0669685
0.0669685
0.0669685
0.0669685
0.0669685
0.0669685
0.0669685
0.0669685
0.0669685
0.0669685
0.0669685
0.0669685
0.0669685
0.0669685
0.0669685
0.0669685
0.0669685
0.0669685
0.0669685
0.0669685
0.0669685
0.0669685
0.0669685
0.0669685
0.0669685
0.0669685
0.0669685
0.0669816
0.0669816
0.0669816
0.0669816
0.0669816
0.0669816
0.0669816
0.0669816
0.0669816
0.0669816
0.0669816
0.0669816
0.0669816
0.0669816
0.0669816
0.0669816
0.0669816
0.0669816
0.0669816
0.0669816
0.0669816
0.0669816
0.0669816
0.0669816
0.0669816
0.0669816
0.0669816
0.0669816
0.0669816
0.0669816
0.0669816
0.0669816
0.0669816
0.0669816
0.0669816
0.0669702
0.0669702
0.0669702
0.0669702
0.0669702
0.0669702
0.0669702
0.0669702
0.0669702
0.0669702
0.0669702
0.0669702
0.0669702
0.0669702
0.0669702
0.0669702
0.0669702
0.0669702
0.0669702
0.0669702
0.0669702
0.0669702
0.0669702
0.0669702
0.0669702
0.0669702
0.0669702
0.0669702
0.0669702
0.0669702
0.0669702
0.0669702
0.0669702
0.0669702
0.0669702
0.0669797
0.0669797
0.0669797
0.0669797
0.0669797
0.0669797
0.0669797
0.0669797
0.0669797
0.0669797
0.0669797
0.0669797
0.0669797
0.0669797
0.0669797
0.0669797
0.0669797
0.0669797
0.0669797
0.0669797
0.0669797
0.0669797
0.0669797
0.0669797
0.0669797
0.0669797
0.0669797
0.0669797
0.0669797
0.0669797
0.0669797
0.0669797
0.0669797
0.0669797
0.0669797
0.0669805
0.0669805
0.0669805
0.0669805
0.0669805
0.0669805
0.0669805
0.0669805
0.0669805
0.0669805
0.0669805
0.0669805
0.0669805
0.0669805
0.0669805
0.0669805
0.0669805
0.0669805
0.0669805
0.0669805
0.0669805
0.0669805
0.0669805
0.0669805
0.0669805
0.0669805
0.0669805
0.0669805
0.0669805
0.0669805
0.0669805
0.0669805
0.0669805
0.0669805
0.0669805
0.0669662
0.0669662
0.0669662
0.0669662
0.0669662
0.0669662
0.0669662
0.0669662
0.0669662
0.0669662
0.0669662
0.0669662
0.0669662
0.0669662
0.0669662
0.0669662
0.0669662
0.0669662
0.0669662
0.0669662
0.0669662
0.0669662
0.0669662
0.0669662
0.0669662
0.0669662
0.0669662
0.0669662
0.0669662
0.0669662
0.0669662
0.0669662
0.0669662
0.0669662
0.0669662
0.0669488
0.0669488
0.0669488
0.0669488
0.0669488
0.0669488
0.0669488
0.0669488
0.0669488
0.0669488
0.0669488
0.0669488
0.0669488
0.0669488
0.0669488
0.0669488
0.0669488
0.0669488
0.0669488
0.0669488
0.0669488
0.0669488
0.0669488
0.0669488
0.0669488
0.0669488
0.0669488
0.0669488
0.0669488
0.0669488
0.0669488
0.0669488
0.0669488
0.0669488
0.0669488
0.0669423
0.0669423
0.0669423
0.0669423
0.0669423
0.0669423
0.0669423
0.0669423
0.0669423
0.0669423
0.0669423
0.0669423
0.0669423
0.0669423
0.0669423
0.0669423
0.0669423
0.0669423
0.0669423
0.0669423
0.0669423
0.0669423
0.0669423
0.0669423
0.0669423
0.0669423
0.0669423
0.0669423
0.0669423
0.0669423
0.0669423
0.0669423
0.0669423
0.0669423
0.0669423
0.0669229
0.0669229
0.0669229
0.0669229
0.0669229
0.0669229
0.0669229
0.0669229
0.0669229
0.0669229
0.0669229
0.0669229
0.0669229
0.0669229
0.0669229
0.0669229
0.0669229
0.0669229
0.0669229
0.0669229
0.0669229
0.0669229
0.0669229
0.0669229
0.0669229
0.0669229
0.0669229
0.0669229
0.0669229
0.0669229
0.0669229
0.0669229
0.0669229
0.0669229
0.0669229
0.0669298
0.0669298
0.0669298
0.0669298
0.0669298
0.0669298
0.0669298
0.0669298
0.0669298
0.0669298
0.0669298
0.0669298
0.0669298
0.0669298
0.0669298
0.0669298
0.0669298
0.0669298
0.0669298
0.0669298
0.0669298
0.0669298
0.0669298
0.0669298
0.0669298
0.0669298
0.0669298
0.0669298
0.0669298
0.0669298
0.0669298
0.0669298
0.0669298
0.0669298
0.0669298
0.0669284
0.0669284
0.0669284
0.0669284
0.0669284
0.0669284
0.0669284
0.0669284
0.0669284
0.0669284
0.0669284
0.0669284
0.0669284
0.0669284
0.0669284
0.0669284
0.0669284
0.0669284
0.0669284
0.0669284
0.0669284
0.0669284
0.0669284
0.0669284
0.0669284
0.0669284
0.0669284
0.0669284
0.0669284
0.0669284
0.0669284
0.0669284
0.0669284
0.0669284
0.0669284
0.0668735
0.0668735
0.0668735
0.0668735
0.0668735
0.0668735
0.0668735
0.0668735
0.0668735
0.0668735
0.0668735
0.0668735
0.0668735
0.0668735
0.0668735
0.0668735
0.0668735
0.0668735
0.0668735
0.0668735
0.0668735
0.0668735
0.0668735
0.0668735
0.0668735
0.0668735
0.0668735
0.0668735
0.0668735
0.0668735
0.0668735
0.0668735
0.0668735
0.0668735
0.0668735
0.0668296
0.0668296
0.0668296
0.0668296
0.0668296
0.0668296
0.0668296
0.0668296
0.0668296
0.0668296
0.0668296
0.0668296
0.0668296
0.0668296
0.0668296
0.0668296
0.0668296
0.0668296
0.0668296
0.0668296
0.0668296
0.0668296
0.0668296
0.0668296
0.0668296
0.0668296
0.0668296
0.0668296
0.0668296
0.0668296
0.0668296
0.0668296
0.0668296
0.0668296
0.0668296
0.0668554
0.0668554
0.0668554
0.0668554
0.0668554
0.0668554
0.0668554
0.0668554
0.0668554
0.0668554
0.0668554
0.0668554
0.0668554
0.0668554
0.0668554
0.0668554
0.0668554
0.0668554
0.0668554
0.0668554
0.0668554
0.0668554
0.0668554
0.0668554
0.0668554
0.0668554
0.0668554
0.0668554
0.0668554
0.0668554
0.0668554
0.0668554
0.0668554
0.0668554
0.0668554
0.0668233
0.0668233
0.0668233
0.0668233
0.0668233
0.0668233
0.0668233
0.0668233
0.0668233
0.0668233
0.0668233
0.0668233
0.0668233
0.0668233
0.0668233
0.0668233
0.0668233
0.0668233
0.0668233
0.0668233
0.0668233
0.0668233
0.0668233
0.0668233
0.0668233
0.0668233
0.0668233
0.0668233
0.0668233
0.0668233
0.0668233
0.0668233
0.0668233
0.0668233
0.0668233
0.0668106
0.0668106
0.0668106
0.0668106
0.0668106
0.0668106
0.0668106
0.0668106
0.0668106
0.0668106
0.0668106
0.0668106
0.0668106
0.0668106
0.0668106
0.0668106
0.0668106
0.0668106
0.0668106
0.0668106
0.0668106
0.0668106
0.0668106
0.0668106
0.0668106
0.0668106
0.0668106
0.0668106
0.0668106
0.0668106
0.0668106
0.0668106
0.0668106
0.0668106
0.0668106
0.0667979
0.0667979
0.0667979
0.0667979
0.0667979
0.0667979
0.0667979
0.0667979
0.0667979
0.0667979
0.0667979
0.0667979
0.0667979
0.0667979
0.0667979
0.0667979
0.0667979
0.0667979
0.0667979
0.0667979
0.0667979
0.0667979
0.0667979
0.0667979
0.0667979
0.0667979
0.0667979
0.0667979
0.0667979
0.0667979
0.0667979
0.0667979
0.0667979
0.0667979
0.0667979
0.0668003
0.0668003
0.0668003
0.0668003
0.0668003
0.0668003
0.0668003
0.0668003
0.0668003
0.0668003
0.0668003
0.0668003
0.0668003
0.0668003
0.0668003
0.0668003
0.0668003
0.0668003
0.0668003
0.0668003
0.0668003
0.0668003
0.0668003
0.0668003
0.0668003
0.0668003
0.0668003
0.0668003
0.0668003
0.0668003
0.0668003
0.0668003
0.0668003
0.0668003
0.0668003
0.0667967
0.0667967
0.0667967
0.0667967
0.0667967
0.0667967
0.0667967
0.0667967
0.0667967
0.0667967
0.0667967
0.0667967
0.0667967
0.0667967
0.0667967
0.0667967
0.0667967
0.0667967
0.0667967
0.0667967
0.0667967
0.0667967
0.0667967
0.0667967
0.0667967
0.0667967
0.0667967
0.0667967
0.0667967
0.0667967
0.0667967
0.0667967
0.0667967
0.0667967
0.0667967
0.066796
0.066796
0.066796
0.066796
0.066796
0.066796
0.066796
0.066796
0.066796
0.066796
0.066796
0.066796
0.066796
0.066796
0.066796
0.066796
0.066796
0.066796
0.066796
0.066796
0.066796
0.066796
0.066796
0.066796
0.066796
0.066796
0.066796
0.066796
0.066796
0.066796
0.066796
0.066796
0.066796
0.066796
0.066796
0.0667994
0.0667994
0.0667994
0.0667994
0.0667994
0.0667994
0.0667994
0.0667994
0.0667994
0.0667994
0.0667994
0.0667994
0.0667994
0.0667994
0.0667994
0.0667994
0.0667994
0.0667994
0.0667994
0.0667994
0.0667994
0.0667994
0.0667994
0.0667994
0.0667994
0.0667994
0.0667994
0.0667994
0.0667994
0.0667994
0.0667994
0.0667994
0.0667994
0.0667994
0.0667994
0.0667925
0.0667925
0.0667925
0.0667925
0.0667925
0.0667925
0.0667925
0.0667925
0.0667925
0.0667925
0.0667925
0.0667925
0.0667925
0.0667925
0.0667925
0.0667925
0.0667925
0.0667925
0.0667925
0.0667925
0.0667925
0.0667925
0.0667925
0.0667925
0.0667925
0.0667925
0.0667925
0.0667925
0.0667925
0.0667925
0.0667925
0.0667925
0.0667925
0.0667925
0.0667925
0.0667977
0.0667977
0.0667977
0.0667977
0.0667977
0.0667977
0.0667977
0.0667977
0.0667977
0.0667977
0.0667977
0.0667977
0.0667977
0.0667977
0.0667977
0.0667977
0.0667977
0.0667977
0.0667977
0.0667977
0.0667977
0.0667977
0.0667977
0.0667977
0.0667977
0.0667977
0.0667977
0.0667977
0.0667977
0.0667977
0.0667977
0.0667977
0.0667977
0.0667977
0.0667977
0.0667875
0.0667875
0.0667875
0.0667875
0.0667875
0.0667875
0.0667875
0.0667875
0.0667875
0.0667875
0.0667875
0.0667875
0.0667875
0.0667875
0.0667875
0.0667875
0.0667875
0.0667875
0.0667875
0.0667875
0.0667875
0.0667875
0.0667875
0.0667875
0.0667875
0.0667875
0.0667875
0.0667875
0.0667875
0.0667875
0.0667875
0.0667875
0.0667875
0.0667875
0.0667875
0.0667959
0.0667959
0.0667959
0.0667959
0.0667959
0.0667959
0.0667959
0.0667959
0.0667959
0.0667959
0.0667959
0.0667959
0.0667959
0.0667959
0.0667959
0.0667959
0.0667959
0.0667959
0.0667959
0.0667959
0.0667959
0.0667959
0.0667959
0.0667959
0.0667959
0.0667959
0.0667959
0.0667959
0.0667959
0.0667959
0.0667959
0.0667959
0.0667959
0.0667959
0.0667959
0.066799
0.066799
0.066799
0.066799
0.066799
0.066799
0.066799
0.066799
0.066799
0.066799
0.066799
0.066799
0.066799
0.066799
0.066799
0.066799
0.066799
0.066799
0.066799
0.066799
0.066799
0.066799
0.066799
0.066799
0.066799
0.066799
0.066799
0.066799
0.066799
0.066799
0.066799
0.066799
0.066799
0.066799
0.066799
0.0667907
0.0667907
0.0667907
0.0667907
0.0667907
0.0667907
0.0667907
0.0667907
0.0667907
0.0667907
0.0667907
0.0667907
0.0667907
0.0667907
0.0667907
0.0667907
0.0667907
0.0667907
0.0667907
0.0667907
0.0667907
0.0667907
0.0667907
0.0667907
0.0667907
0.0667907
0.0667907
0.0667907
0.0667907
0.0667907
0.0667907
0.0667907
0.0667907
0.0667907
0.0667907
0.0667966
0.0667966
0.0667966
0.0667966
0.0667966
0.0667966
0.0667966
0.0667966
0.0667966
0.0667966
0.0667966
0.0667966
0.0667966
0.0667966
0.0667966
0.0667966
0.0667966
0.0667966
0.0667966
0.0667966
0.0667966
0.0667966
0.0667966
0.0667966
0.0667966
0.0667966
0.0667966
0.0667966
0.0667966
0.0667966
0.0667966
0.0667966
0.0667966
0.0667966
0.0667966
0.0667959
0.0667959
0.0667959
0.0667959
0.0667959
0.0667959
0.0667959
0.0667959
0.0667959
0.0667959
0.0667959
0.0667959
0.0667959
0.0667959
0.0667959
0.0667959
0.0667959
0.0667959
0.0667959
0.0667959
0.0667959
0.0667959
0.0667959
0.0667959
0.0667959
0.0667959
0.0667959
0.0667959
0.0667959
0.0667959
0.0667959
0.0667959
0.0667959
0.0667959
0.0667959
0.0667922
0.0667922
0.0667922
0.0667922
0.0667922
0.0667922
0.0667922
0.0667922
0.0667922
0.0667922
0.0667922
0.0667922
0.0667922
0.0667922
0.0667922
0.0667922
0.0667922
0.0667922
0.0667922
0.0667922
0.0667922
0.0667922
0.0667922
0.0667922
0.0667922
0.0667922
0.0667922
0.0667922
0.0667922
0.0667922
0.0667922
0.0667922
0.0667922
0.0667922
0.0667922
0.0667942
0.0667942
0.0667942
0.0667942
0.0667942
0.0667942
0.0667942
0.0667942
0.0667942
0.0667942
0.0667942
0.0667942
0.0667942
0.0667942
0.0667942
0.0667942
0.0667942
0.0667942
0.0667942
0.0667942
0.0667942
0.0667942
0.0667942
0.0667942
0.0667942
0.0667942
0.0667942
0.0667942
0.0667942
0.0667942
0.0667942
0.0667942
0.0667942
0.0667942
0.0667942
0.066798
0.066798
0.066798
0.066798
0.066798
0.066798
0.066798
0.066798
0.066798
0.066798
0.066798
0.066798
0.066798
0.066798
0.066798
0.066798
0.066798
0.066798
0.066798
0.066798
0.066798
0.066798
0.066798
0.066798
0.066798
0.066798
0.066798
0.066798
0.066798
0.066798
0.066798
0.066798
0.066798
0.066798
0.066798
0.0667904
0.0667904
0.0667904
0.0667904
0.0667904
0.0667904
0.0667904
0.0667904
0.0667904
0.0667904
0.0667904
0.0667904
0.0667904
0.0667904
0.0667904
0.0667904
0.0667904
0.0667904
0.0667904
0.0667904
0.0667904
0.0667904
0.0667904
0.0667904
0.0667904
0.0667904
0.0667904
0.0667904
0.0667904
0.0667904
0.0667904
0.0667904
0.0667904
0.0667904
0.0667904
0.0667933
0.0667933
0.0667933
0.0667933
0.0667933
0.0667933
0.0667933
0.0667933
0.0667933
0.0667933
0.0667933
0.0667933
0.0667933
0.0667933
0.0667933
0.0667933
0.0667933
0.0667933
0.0667933
0.0667933
0.0667933
0.0667933
0.0667933
0.0667933
0.0667933
0.0667933
0.0667933
0.0667933
0.0667933
0.0667933
0.0667933
0.0667933
0.0667933
0.0667933
0.0667933
0.0667927
0.0667927
0.0667927
0.0667927
0.0667927
0.0667927
0.0667927
0.0667927
0.0667927
0.0667927
0.0667927
0.0667927
0.0667927
0.0667927
0.0667927
0.0667927
0.0667927
0.0667927
0.0667927
0.0667927
0.0667927
0.0667927
0.0667927
0.0667927
0.0667927
0.0667927
0.0667927
0.0667927
0.0667927
0.0667927
0.0667927
0.0667927
0.0667927
0.0667927
0.0667927
0.0667943
0.0667943
0.0667943
0.0667943
0.0667943
0.0667943
0.0667943
0.0667943
0.0667943
0.0667943
0.0667943
0.0667943
0.0667943
0.0667943
0.0667943
0.0667943
0.0667943
0.0667943
0.0667943
0.0667943
0.0667943
0.0667943
0.0667943
0.0667943
