153.306
155.051
154.278
156.285
151.417
154.668
Control Period 
154.668
153.481
153.1
157.767
157.272
154.794
155.545
Control Period 
155.545
155.269
152.829
157.942
157.014
155.328
155.897
155.988
Control Period 
155.988
154.321
158.155
158.847
156.832
156.568
156.705
Control Period 
156.705
157.893
158.959
158.286
154.757
150.666
154.777
156.339
Control Period 
156.339
157.514
157.295
156.133
153.941
156.354
155.989
Control Period 
155.989
157.349
157.233
158.423
154.955
155.693
155.573
Control Period 
155.573
156.711
158.351
157.119
156.38
154.311
154.535
154.184
Control Period 
154.184
155.63
157.61
157.661
158.699
155.474
155.228
Control Period 
155.228
154.872
157.899
156.874
157.351
155.858
156.93
155.049
Control Period 
155.049
153.753
157.758
159.082
155.535
155.206
154.206
Control Period 
154.206
157.693
156.343
157.589
156.461
152.928
155.884
154.962
Control Period 
154.962
155.688
158.384
156.968
159.725
155.246
155.597
Control Period 
155.597
158.016
157.438
157.283
157.173
154.943
154.796
Control Period 
154.796
155.901
154.938
158.728
158.742
155.027
155.434
155.153
Control Period 
155.153
155.153
156.457
157.437
156.698
157.258
155.948
Control Period 
155.948
155.765
154.798
159.081
157.612
154.507
154.261
154.915
Control Period 
154.915
153.221
156.474
158.393
160.228
156.735
155.15
Control Period 
155.15
155.637
159.232
157.071
157.866
154.137
155.113
Control Period 
155.113
156.146
157.042
156.504
157.529
156.603
155.514
154.729
Control Period 
154.729
155.597
158.431
158.222
157.721
154.645
153.665
Control Period 
153.665
157.318
157.921
156.507
158.119
155.405
157.608
155.649
Control Period 
155.649
157.781
158.827
156.901
154.933
155.947
153.378
Control Period 
153.378
153.732
156.453
158.031
157.819
154.728
156.09
154.353
Control Period 
154.353
157.024
157.395
157.065
155.364
150.366
156.383
Control Period 
156.383
154.131
156.388
156.346
156.359
156.826
156.316
Control Period 
156.316
154.565
155.035
157.506
157.989
157.18
154.941
154.233
Control Period 
154.233
155.578
156.166
157.087
156.343
156.289
156.236
Control Period 
156.236
154.803
155.297
154.618
158.371
158.4
155.713
155.483
Control Period 
155.483
155.91
157.075
156.449
158.173
156.21
154.081
Control Period 
154.081
154.874
155.316
154.648
156.041
157.004
158.62
155.387
Control Period 
155.387
155.258
154.907
155.266
158.386
157.306
154.049
Control Period 
154.049
157.555
155.02
149.984
158.96
158.981
158.253
Control Period 
158.253
154.711
155.824
155.484
157.945
157.427
157.225
155.78
Control Period 
155.78
156.922
154.993
158.089
156.516
156.95
151.906
Control Period 
151.906
156.678
155.097
159.069
158.163
157.653
154.062
155.181
Control Period 
155.181
155.916
154.671
156.401
156.981
156.747
154.85
Control Period 
154.85
154.792
154.964
158.807
158.034
155.426
154.415
Control Period 
154.415
155.559
153.855
157.307
157.46
158.902
155.661
155.626
Control Period 
155.626
154.885
158.377
158.054
158.502
154.479
155.113
Control Period 
155.113
158.349
160.03
156.592
156.007
156.323
155.381
155.08
Control Period 
155.08
158.085
157.973
158.322
153.708
154.494
156.521
Control Period 
156.521
154.133
156.335
157.551
158.347
156.607
156.371
Control Period 
156.371
156.069
157.143
158.164
157.797
155.714
154.134
154.994
Control Period 
154.994
153.314
157.09
156.486
159.291
157.616
155.185
Control Period 
155.185
150.302
154.747
157.064
157.108
157.252
154.475
156.3
Control Period 
156.3
156.244
157.042
156.522
156.245
158.306
154.105
Control Period 
154.105
153.845
157.887
159.148
152.639
155.569
154.475
156.758
Control Period 
156.758
156.481
156.402
157.222
156.405
155.644
155.495
Control Period 
155.495
154.985
158.095
159.347
154.838
155.582
154.303
38.1682
Control Period 
38.1682
Control Period 
38.1682
