159.64
159.455
159.493
162.805
160.293
158.627
158.678
160.223
157.511
158.459
Control Period 
158.459
158.799
165.345
156.596
158.847
159.825
159.5
159.669
159.608
159.366
156.374
161.381
159.695
159.839
157.968
164.336
159.497
Control Period 
159.497
158.523
160.544
149.317
158.812
160.867
159.012
160.465
161.284
158.992
162.167
159.875
159.09
160.653
158.44
160.409
160.531
158.492
162.308
160.169
Control Period 
160.169
158.676
76.9669
160.237
158.139
158.314
160.891
158.243
162.567
164.903
163.058
159.351
160.103
160.534
157.048
162.019
161.92
160.383
160.649
160.759
158.269
Control Period 
158.269
158.497
158.871
158.624
164.785
165.027
160.403
157.117
156.32
158.074
161.816
160.154
160.814
151.556
158.256
156.94
158.246
160.578
163.133
Control Period 
163.133
163.834
160.34
158.55
156.86
158.96
162.34
158.824
160.808
158.052
156.59
156.846
159.003
165.754
163.738
165.15
160.071
158.944
158.181
158.81
Control Period 
158.81
159.979
158.43
161.94
159.067
157.218
158.377
165.128
165.241
163.39
158.514
158.536
157.071
157.183
160.048
160.538
157.621
158.87
158.055
158.681
Control Period 
158.681
164.353
165.322
165.323
152.233
159.196
158.874
157.757
159.719
160.583
162.056
156.991
160.952
160.229
156.627
162.945
164.866
165.445
156.968
160.354
Control Period 
160.354
160.315
159.983
158.564
160.957
158.737
156.858
160.344
164.454
163.135
163.699
153.711
161.665
156.594
158.374
160.623
159.375
158.257
158.42
158.711
Control Period 
158.711
166.186
165.031
165.156
158.26
156.836
159.665
160.607
158.242
159.014
158.795
160.445
158.112
165.4
165.042
162.71
156.353
158.516
160.1
Control Period 
160.1
158.684
158.839
160.493
160.281
158.426
160.044
165.01
163.298
156.557
160.453
158.04
157.34
158.24
161.172
158.639
157.242
158.214
158.411
164.783
Control Period 
164.783
162.932
157.834
158.995
156.702
158.537
160.436
158.879
158.891
159.135
159.028
156.624
162.892
165.215
164.944
158.704
158.896
160.134
158.731
158.597
Control Period 
158.597
160.411
158.275
158.5
158.782
160.261
163.862
162.946
165.068
160.027
157.07
160.252
160.172
158.703
160.449
158.332
159.053
157.889
161.901
Control Period 
161.901
165.284
166.527
156.751
158.568
160.326
156.625
158.733
162.945
159.255
158.735
158.522
160.059
165.068
165.257
161.406
156.854
156.967
160.028
162.274
Control Period 
162.274
158.937
159.221
160.546
156.752
158.619
164.277
165.327
163.251
158.276
160.255
156.732
158.74
83.1099
160.398
158.58
156.752
160.165
165.108
163.4
Control Period 
163.4
163.382
158.507
156.006
156.292
162.073
160.184
159.279
160.41
158.832
156.849
156.716
165.042
166.669
160.286
158.546
160.197
158.688
158.81
160.858
Control Period 
160.858
160.211
158.267
158.452
160.018
163.36
163.236
160.925
158.721
156.51
161.706
160.335
158.788
157.282
160.579
158.787
158.18
165.046
167.065
Control Period 
167.065
157.212
156.977
158.842
154.025
160.094
158.68
160.382
158.284
158.507
159.047
164.015
163.674
166.349
158.71
160.281
156.853
162.183
160.592
159.215
Control Period 
159.215
158.678
158.274
158.36
159.311
165.43
164.683
159.073
158.03
158.307
158.729
160.298
160.958
160.433
158.117
162
160.728
164.156
164.97
163.233
Control Period 
163.233
159.946
156.863
159.891
161.543
158.54
158.843
164.857
158.186
158.82
160.888
165.273
163.257
158.751
159.845
160.109
156.838
160.633
160.058
158.542
Control Period 
158.542
158.383
160.21
158.747
164.188
165.131
165.541
158.584
156.787
158.32
158.174
139.357
160.746
158.824
156.54
158.44
158.501
164.815
163.425
Control Period 
163.425
162.768
158.775
157.2
158.168
162.259
158.606
158.86
158.575
160.418
158.319
156.169
167.334
163.644
163.382
158.651
164.525
158.446
160.435
162.154
Control Period 
162.154
159.281
151.366
160.068
157.737
158.393
164.571
166.987
159.011
156.604
158.255
160.391
158.665
159.885
160.772
160.231
156.284
158.624
163.959
163.627
Control Period 
163.627
164.883
158.413
156.804
156.733
160.465
161.955
158.621
160.754
158.6
159.837
32.6461
167.307
166.727
163.053
160.82
160.4
158.348
158.462
160.599
Control Period 
160.599
158.63
160.417
158.083
158.941
157.014
157.119
164.855
163.105
158.573
158.761
158.504
156.485
162.158
160.885
149.663
158.275
162.125
160.225
158.23
Control Period 
158.23
165.343
165.302
158.466
156.514
158.639
160.221
159.011
160.919
162.227
156.723
158.376
159.013
167.255
163.572
162.544
158.334
156.62
156.884
Control Period 
156.884
161.732
160.596
158.676
158.962
158.285
157.054
156.911
165.352
165.337
160.562
158.473
158.61
156.779
158.248
160.607
160.685
158.065
158.529
160.162
Control Period 
160.162
160.043
164.919
165.022
156.571
158.371
147.258
160.646
159.771
158.555
162.833
158.372
156.541
160.443
158.457
163.5
164.992
164.947
156.38
156.782
Control Period 
156.782
158.836
158.739
159.172
158.994
160.615
156.758
158.178
160.222
164.909
163.028
163.57
160.685
156.841
158.052
160.36
162.398
159.248
158.479
158.488
Control Period 
158.488
158.01
157.295
165.213
165.036
160.609
158.24
159.968
156.799
158.606
160.636
160.433
156.806
160.226
156.585
109.939
163.133
165.291
158.752
157.07
Control Period 
157.07
157.221
160.899
160.801
159.26
160.541
158.553
158.266
159.994
160.599
165.135
163.393
164.758
158.689
157.207
159.204
160.298
158.583
158.569
Control Period 
158.569
161.684
158.688
158.338
160.309
158.04
164.651
163.635
163.547
158.283
156.49
158.61
162.493
158.649
158.608
160.283
160.366
157.115
158.667
160.565
Control Period 
160.565
163.575
163.238
160.284
160.126
156.712
159.958
160.66
149.768
158.403
160.608
158.243
156.712
160.145
165.212
163.506
163.489
160.263
158.259
156.316
Control Period 
156.316
158.349
162.259
158.862
158.916
160.28
158.12
156.589
166.849
164.972
157.366
160.132
160.336
158.588
158.927
160.696
158.792
157.918
156.459
165.719
Control Period 
165.719
166.691
162.596
160.585
160.537
156.718
158.559
160.83
158.544
158.557
164.844
158.165
156.67
165.358
166.899
163.102
158.729
150.942
158.191
160.099
Control Period 
160.099
160.713
160.524
157.09
156.536
159.069
158.534
165.098
166.862
159.929
157.525
156.728
160.207
160.484
158.186
158.509
158.08
158.444
156.56
Control Period 
156.56
165.251
165.068
156.801
161.927
120.631
156.718
160.473
160.63
158.376
158.265
160.692
158.509
163.478
163.281
162.374
159.742
157.046
158.167
160.826
Control Period 
160.826
158.568
158.807
160.62
158.491
156.933
164.777
164.941
160.8
159.741
160.37
158.087
158.769
160.423
159.921
158.228
157.074
158.801
166.832
162.903
Control Period 
162.903
160.281
158.55
156.598
158.393
160.403
160.477
158.575
158.126
160.094
157.001
165.642
165.145
160.621
156.467
160.572
158.063
159.74
158.693
Control Period 
158.693
160.948
158.202
158.63
158.841
160.458
163.565
163.24
159.874
158.806
156.973
158.049
160.802
160.684
158.996
160.049
161.851
156.935
164.08
165.273
Control Period 
165.273
164.524
156.819
160.272
166.079
158.659
160.531
161.169
160.587
158.12
158.235
164.948
163.206
163.554
158.787
158.803
158.206
160.329
160.733
158.91
Control Period 
158.91
156.832
158.369
160.281
157.824
164.994
164.946
158.447
158.75
158.527
160.781
158.697
160.716
158.913
156.684
158.601
165.307
165.453
156.822
158.725
Control Period 
158.725
158.781
156.931
158.982
160.384
161.446
156.989
160.498
158.512
163.63
163.441
165.186
160.431
158.364
158.668
163.711
159.933
158.616
160.357
Control Period 
160.357
159.104
157.137
156.857
165.155
165.04
161.314
158.576
158.771
156.96
158.659
160.901
159.045
57.7935
160.22
158.492
158.177
163.536
165.218
165.052
Control Period 
165.052
158.404
158.763
158.703
158.557
158.738
162.433
156.966
156.775
158.257
158.654
164.726
163.402
160.552
158.549
157.099
158.425
162.382
159.965
160.374
Control Period 
160.374
151.425
158.574
158.739
158.321
166.813
163.438
164.76
160.505
156.556
156.539
158.796
161.912
159.4
160.722
158.71
158.337
158.22
160.265
163.366
Control Period 
163.366
162.836
160.842
158.514
156.367
158.615
161.929
160.283
159.08
160.176
160.681
156.556
163.921
165.337
163.266
158.178
158.774
158.071
160.215
160.522
Control Period 
160.522
160.855
156.567
158.188
160.237
165.79
165.272
162.834
158.664
156.815
116.385
162.099
161.978
158.454
158.614
158.512
158.789
165.584
165.166
Control Period 
165.166
163.32
158.565
158.566
160.323
158.615
158.901
160.53
158.401
156.716
158.609
157.532
163.191
163.522
161.262
158.712
156.345
160.351
160.414
158.734
Control Period 
158.734
158.617
160.914
160.126
156.985
163.956
166.741
160.815
158.62
158.332
160.091
158.944
158.736
160.516
159.964
158.309
158.563
165.238
34.3296
6.05696
Control Period 
6.05696
3.48672
Control Period 
3.48672
