96.5155
290.899
94.0368
283.894
285.506
284.541
285.981
285.259
286.091
289.343
97.3168
290.697
291.676
293.823
290.837
291.941
291.945
292.821
291.204
289.135
Control Period 
289.135
292.273
292.146
290.551
296.238
295.718
293.81
295.068
96.1455
288.768
96.5422
289.07
287.961
288.889
291.397
99.4279
296.402
290.132
288.091
289.295
290.42
288.625
Control Period 
288.625
288.089
291.913
295.474
297.577
295.595
296.991
298.75
295.916
296.989
298.811
295.644
295.826
296.782
297.634
294.979
294.536
99.5889
297.012
294.746
295.856
Control Period 
295.856
295.967
295.264
292.658
295.5
294.615
294.635
297.455
294.658
293.281
293.43
294.181
296.079
293.907
99.5221
296.7
292.709
293.767
295.689
295.711
295.472
Control Period 
295.472
295.454
295.745
296.399
297.344
294.505
291.338
294.646
295.648
296.187
297.191
296.31
294.592
296.471
297.647
294.531
294.25
296.661
296.373
296.097
294.568
Control Period 
294.568
294.747
293.51
97.6695
294.349
297.625
296.647
294.537
298.377
296.251
295.22
297.643
297.43
296.421
298.49
297.477
296.19
295.948
293.89
294.554
295.473
98.5081
Control Period 
98.5081
295.783
294.743
292.864
295.719
298.279
295.722
294.258
297.056
295.976
295.136
99.2871
98.6132
296.451
297.379
294.513
296.761
298.748
297.358
295.329
296.727
Control Period 
296.727
293.694
99.698
298.646
296.971
295.346
297.435
297.963
297.248
297.524
296.62
293.815
296.552
296.889
293.419
98.6162
295.737
295.309
295.296
98.4207
295.672
Control Period 
295.672
295.598
96.8627
293.047
296.882
295.694
294.548
99.1671
295.562
293.734
296.397
297.843
296.027
295.077
292.472
295.382
294.385
294.952
297.412
296.478
295.458
Control Period 
295.458
296.182
297.579
296.944
99.4773
297.736
295.433
295.25
295.33
296.168
294.767
296.325
296.813
295.415
294.657
294.289
292.724
295.821
294.699
294.32
296.12
294.659
Control Period 
294.659
296.624
298.225
296.474
294.794
293.329
293.78
99.2801
296.777
295.009
98.5938
98.9615
295.468
98.38
295.565
295.734
296.528
298.324
296.347
294.788
294.803
Control Period 
294.803
293.092
294.424
296.466
297.535
296.285
297.336
296.109
295.422
297.677
297.644
296.117
99.6038
296.731
294.273
297.232
97.7686
294.662
297.469
294.689
294.365
Control Period 
294.365
298.298
295.732
293.266
295.322
295.672
294.534
297.288
294.101
99.4596
297.259
294.654
295.567
295.569
295.425
295.446
296.248
296.516
296.555
296.369
291.202
Control Period 
291.202
292.628
295.207
294.019
295.391
98.4263
295.699
296.586
297.218
294.972
297.672
297.372
98.6483
98.5783
294.454
98.7886
97.5176
293.548
99.4448
98.4293
294.643
294.52
Control Period 
294.52
298.416
295.666
99.4422
298.29
295.768
98.2625
99.5099
297.239
293.914
294.473
98.3562
296.286
99.3872
294.791
290.48
297.574
295.529
295.412
99.6595
296.6
Control Period 
296.6
294.249
296.859
295.054
295.222
297.418
296.416
295.489
298.676
296.732
294.295
99.5697
297.238
99.4003
98.0131
97.0155
293.321
296.479
294.931
99.4368
298.484
Control Period 
298.484
297.413
294.499
295.382
294.52
294.765
99.4751
296.732
293.989
296.972
296.366
293.614
293.505
294.746
294.508
298.472
296.924
295.405
295.658
293.055
98.868
Control Period 
98.868
296.628
296.42
297.498
297.452
294.637
294.242
296.493
296.478
297.516
294.866
99.3108
296.429
295.487
294.523
293.969
294.9
292.468
298.468
297.546
296.59
298.587
Control Period 
298.587
296.49
293.395
294.759
294.378
293.406
296.057
98.4122
99.0492
297.135
295.828
293.474
296.577
296.679
294.077
295.669
293.078
98.5703
296.561
296.363
293.05
Control Period 
293.05
295.826
293.64
295.368
295.301
296.18
295.455
296.652
293.424
296.449
296.726
294.28
99.5149
297.17
294.381
293.914
292.581
294.423
298.387
296.441
295.475
Control Period 
295.475
294.65
293.365
294.596
296.426
297.391
295.083
297.336
295.271
293.479
298.158
98.2785
294.632
296.111
296.477
296.538
298.119
295.885
294.059
99.2495
296.212
Control Period 
296.212
294.412
295.039
295.498
293.029
293.722
293.26
99.3487
298.26
98.6954
294.947
99.0685
297.033
296.614
296.633
296.475
293.914
294.619
292.741
293.692
294.703
98.8264
Control Period 
98.8264
297.424
97.7717
293.389
295.855
97.7313
293.033
98.1015
98.359
99.041
99.2055
97.7149
99.4135
98.4248
98.1656
98.6959
295.529
98.1966
99.3463
98.2736
98.7512
Control Period 
98.7512
98.6037
99.0883
98.4589
99.4192
297.597
97.7344
98.3539
295.496
297.547
295.499
295.459
292.275
288.621
98.7756
98.3156
294.793
295.715
294.632
293.644
296.351
Control Period 
296.351
296.273
294.467
296.486
297.555
296.361
297.538
297.534
99.2432
99.2079
97.8376
99.363
298.358
296.763
295.315
294.651
296.168
297.358
294.601
291.761
295.588
Control Period 
295.588
294.823
99.5166
98.8383
97.5799
99.1801
297.498
296.548
294.494
298.475
296.463
294.355
296.595
98.3968
296.394
295.468
292.584
293.242
294.777
295.436
296.528
298.292
Control Period 
298.292
296.327
295.215
98.618
295.511
296.193
297.642
297.388
295.202
99.5386
296.591
99.3037
297.397
297.364
295.54
296.277
296.521
99.1049
296.364
98.288
293.751
Control Period 
293.751
98.5712
294.207
99.4393
297.607
97.3549
99.3419
296.773
295.491
98.3713
295.373
99.0365
99.1078
296.344
294.731
296.404
296.946
296.332
294.455
295.201
99.402
Control Period 
99.402
298.418
297.668
295.66
296.692
297.175
295.473
297.438
295.284
294.704
296.632
296.471
294.205
296.365
294.639
295.335
294.697
294.69
294.661
298.416
296.559
Control Period 
296.559
293.523
296.431
297.712
296.239
296.437
294.317
292.736
295.409
294.396
295.442
298.415
295.731
98.5175
296.259
97.7767
99.822
297.206
294.475
99.5413
298.274
98.6101
Control Period 
98.6101
296.449
297.787
98.909
99.5748
298.441
297.263
98.431
98.4224
293.802
292.466
100.084
98.6331
296.269
99.3052
98.6466
99.6173
98.6617
97.5651
294.393
98.3553
Control Period 
98.3553
293.755
98.4926
296.129
97.5718
99.2274
98.4658
98.2508
99.7145
98.9114
98.2867
295.42
97.6427
293.781
296.297
297.316
295.887
293.739
296.405
296.698
294.729
Control Period 
294.729
297.425
295.705
295.193
293.69
294.318
296.413
294.566
296.307
296.991
295.73
99.4406
297.402
295.71
295.337
295.352
296.378
295.123
296.121
293.547
294.213
Control Period 
294.213
297.287
295.543
294.447
297.536
295.507
294.523
294.305
296.45
295.518
295.639
295.308
293.743
293.554
295.517
295.693
295.581
295.488
296.318
296.325
293.681
294.092
Control Period 
294.092
296.401
293.196
292.293
294.83
295.536
295.456
296.783
296.574
293.616
293.995
292.39
295.265
295.614
294.345
296.442
294.495
293.327
294.557
295.138
293.821
Control Period 
293.821
293.61
295.568
295.381
295.405
296.381
99.4363
99.3794
296.594
293.391
294.235
294.855
296.354
296.487
295.375
295.156
296.33
294.416
295.172
296.716
295.547
Control Period 
295.547
296.271
297.113
295.992
97.579
98.6913
294.489
293.602
296.453
297.495
296.194
295.699
293.779
296.482
298.248
296.53
295.21
292.902
292.547
298.176
296.674
Control Period 
296.674
296.287
297.217
296.592
295.695
296.367
296.434
295.729
296.105
294.309
289.078
292.698
294.789
99.9101
99.1701
295.827
97.8371
295.398
98.5821
99.3382
296.286
293.252
Control Period 
293.252
292.497
296.352
296.346
294.56
296.261
295.695
294.39
296.346
294.353
294.768
296.355
295.477
293.463
295.843
294.876
293.604
99.0231
296.4
294.319
295.8
Control Period 
295.8
296.62
294.461
297.795
294.52
294.583
298.305
296.55
294.919
99.515
98.4318
295.276
295.459
296.703
294.544
298.317
294.658
291.653
296.22
296.371
295.568
Control Period 
295.568
296.654
293.185
294.542
293.747
291.372
293.771
99.3957
97.7555
293.608
295.243
294.366
295.168
295.505
294.307
297.309
296.624
295.43
295.684
294.6
294.462
Control Period 
294.462
298.481
297.404
295.402
296.551
294.802
98.7004
99.2373
295.202
292.714
296.377
296.463
296.356
297.442
296.953
295.44
298.559
296.633
294.203
297.263
296.176
98.4744
Control Period 
98.4744
99.5042
297.501
296.491
298.443
296.443
293.634
295.435
295.668
296.276
297.743
297.262
295.187
296.142
293.562
294.487
297.755
294.396
293.295
296.479
295.054
Control Period 
295.054
295.72
298.188
296.593
99.4391
99.446
297.47
295.853
296.408
296.61
295.627
296.12
296.914
296.282
294.193
290.593
296.381
295.761
294.714
298.027
295.744
Control Period 
295.744
292.702
294.447
298.39
295.792
99.1879
294.903
293.585
298.42
296.203
295.362
296.634
294.333
292.748
295.915
294.41
293.643
298.165
296.717
295.566
296.234
Control Period 
296.234
296.38
295.179
296.805
294.534
294.45
297.961
296.349
99.2556
99.1458
295.935
99.1927
99.5099
295.984
292.448
295.794
295.357
295.394
296.633
293.843
292.474
297.523
Control Period 
297.523
294.286
292.985
296.945
296.219
98.4602
295.373
97.6225
294.529
298.312
294.785
292.553
298.219
296.343
294.474
295.162
293.558
294.485
297.18
293.802
98.5861
Control Period 
98.5861
98.4898
296.498
297.441
294.586
293.561
296.001
295.622
293.913
295.894
295.429
296.172
295.226
97.6477
294.193
297.249
296.351
295.359
296.886
293.821
292.163
Control Period 
292.163
297.183
295.213
293.32
296.693
295.187
295.511
298.22
296.414
295.358
297.45
297.348
295.02
297.002
296.507
296.124
296.971
296.219
294.777
294.71
294.394
Control Period 
294.394
297.42
296.387
294.92
295.558
296.239
296.176
294.339
293.428
292.305
295.253
295.494
294.474
298.301
296.334
294.443
295.658
294.806
294.314
297.557
Control Period 
297.557
Control Period 
297.557
