434.401
773.224
501.352
493.347
Control Period 
493.347
495.457
494.564
296.905
Control Period 
296.905
296.751
297.652
295.443
296.814
296.281
296.705
Control Period 
296.705
297.057
296.721
434.184
438.213
443.329
432.693
428.281
Control Period 
428.281
430.571
432.716
424.292
425.796
429.111
427.937
Control Period 
427.937
426.623
429.118
332.478
328.332
330.713
330.308
330.533
Control Period 
330.533
330.574
329.542
346.53
348.802
348.808
346.625
346.542
Control Period 
346.542
344.178
347.192
416.828
419.923
419.372
414.781
Control Period 
414.781
416.143
418.308
402.013
402.226
409.807
407.872
405.173
Control Period 
405.173
401.66
402.236
343.025
341.575
341.446
347.673
345.049
Control Period 
345.049
342.732
344.077
363.423
358.058
360.88
366.96
365.596
Control Period 
365.596
361.919
362.434
404.895
408.47
409.923
408.405
Control Period 
408.405
409.271
407.9
391.146
385.054
387.162
386.162
389.73
Control Period 
389.73
390.346
384.647
358.472
358.192
359.852
371.336
356.666
Control Period 
356.666
362.65
359.821
386.872
383.229
375.293
371.773
378.944
Control Period 
378.944
374.603
372.701
393.31
392.626
397.123
394.732
Control Period 
394.732
395.338
396.203
386.489
380.137
383.39
382.187
385.806
Control Period 
385.806
390.599
381.909
369.336
375.915
377.906
384.469
368.062
Control Period 
368.062
371.456
378.342
378.037
382.859
377.016
384.317
Control Period 
384.317
379.27
381.834
385.5
386.482
385.545
397.966
392.22
Control Period 
392.22
385.165
382.534
374.377
386.768
402.816
389.539
381.951
Control Period 
381.951
387.473
381.776
382.522
377.845
380.298
375.051
Control Period 
375.051
380.698
377.225
386.946
380.972
384.449
380.436
386.133
Control Period 
386.133
375.315
372.683
384.359
392.389
389.49
393.391
379.987
Control Period 
379.987
383.216
391.321
383.539
383.517
379.967
389.477
Control Period 
389.477
380.206
386.271
379.421
384.399
379.386
384.432
382.296
Control Period 
382.296
390.126
378.32
382.658
377.06
380.838
376.858
384.532
Control Period 
384.532
379.044
378.909
378.408
382.229
377.307
381.637
378.148
Control Period 
378.148
385.081
374.496
379.361
387.79
386.213
391.662
Control Period 
391.662
387.328
391.901
383.11
386.115
385.236
390.471
378.156
Control Period 
378.156
371.391
373.721
365.557
363.451
374.083
386.979
375.182
Control Period 
375.182
379.866
376.403
391.786
385.102
389.561
382.389
Control Period 
382.389
385.599
394.292
389.118
391.462
387.528
392.626
381.762
Control Period 
381.762
385.948
391.491
376.912
382.027
377.512
381.479
379.255
Control Period 
379.255
382.157
377.882
382.038
376.225
389.687
386.777
Control Period 
386.777
380.22
384.064
381.717
393.896
386.344
379.212
380.373
Control Period 
380.373
388.645
383.546
384.427
379.028
383.861
379.98
390.86
Control Period 
390.86
390.165
373.684
379.956
392.383
370.459
375.27
Control Period 
375.27
385.791
385.905
383.236
369.01
367.834
372.536
380.507
Control Period 
380.507
368.771
364.112
370.013
372.969
370.709
375.184
381.885
Control Period 
381.885
381.083
388.257
381.921
383.655
395.664
390.136
397.826
Control Period 
397.826
391.311
394.663
383.75
389.003
383.618
387.467
Control Period 
387.467
380.173
383.399
381.756
376.127
369.87
372.822
368.137
Control Period 
368.137
371.751
358.627
368.962
377.97
387.115
374.965
378.833
Control Period 
378.833
371.094
374.746
395.626
391.098
402.931
399.225
Control Period 
399.225
392.277
399.328
386.924
389.475
385.278
390.282
386.293
Control Period 
386.293
389.657
383.305
373.974
368.938
369.016
363.263
378.73
Control Period 
378.73
380.893
377.089
385.595
379.112
377.895
384.921
Control Period 
384.921
379.383
382.894
383.102
389.083
385.948
390.397
381.039
Control Period 
381.039
389.126
373.811
375.039
381.755
372.514
378.362
385.22
Control Period 
385.22
Control Period 
385.22
