0.237004
0.399189
0.701456
0.794344
0.723793
0.757789
0.755172
0.739082
0.766874
0.7239
0.783599
0.717629
0.781665
0.715126
0.787752
0.708567
0.795609
0.705973
0.791353
0.705604
0.794135
0.716537
0.77154
0.737113
0.750566
0.75966
0.733647
0.771669
0.721557
0.782616
0.72375
0.770287
0.733267
0.76374
0.737559
0.762841
0.734914
0.766167
0.728242
0.776999
0.725577
0.771975
0.725318
0.777325
0.721246
0.780395
0.720048
0.778306
0.719374
0.782515
0.723832
0.770124
0.735372
0.758106
0.745228
0.747765
0.759243
0.738855
0.760662
0.733926
0.771235
0.733923
0.760049
0.743423
0.750618
0.754151
0.742408
0.759882
0.737206
0.766368
0.734745
0.762215
0.736443
0.76658
0.736222
0.760576
0.738828
0.76113
0.73792
0.764297
0.736759
0.76014
0.73714
0.767733
0.734786
0.762489
0.738029
0.758246
0.745112
0.752774
0.747779
0.749546
0.754701
0.746525
0.750237
0.749502
0.751856
0.747253
0.752416
0.748501
0.750966
0.749379
0.750445
0.749983
0.749036
0.751754
0.748595
0.752186
0.745103
0.752371
0.753783
0.747103
0.753315
0.744368
0.755664
0.741782
0.755665
0.752549
0.744717
0.755659
0.740802
0.757289
0.750141
0.746876
0.755778
0.739569
0.762205
0.737406
0.763742
0.733584
0.765615
0.739787
0.759537
0.739564
0.762032
0.734324
0.767978
0.729291
0.772835
0.727767
0.77287
0.723335
0.77353
0.737636
0.754294
0.751896
0.739187
