0.0333284
0.390263
0.42394
0.510671
0.617143
0.662683
0.748569
0.719453
0.779143
0.68523
0.78863
0.744397
0.779848
0.72538
0.776257
0.712832
0.784959
0.72386
0.757492
0.718615
0.760908
0.767895
0.763467
0.7497
0.701178
0.779969
0.742232
0.767732
0.718853
0.780079
0.754837
0.733202
0.773836
0.751883
0.741066
0.737292
0.765885
0.723475
0.763302
0.759651
0.759598
0.756181
0.731997
0.681365
0.787055
0.772316
0.766792
0.721224
0.72207
0.788075
0.766257
0.731688
0.749963
0.752153
0.733524
0.788685
0.713625
0.783443
0.6921
0.798547
0.772381
0.740063
0.76202
0.698158
0.791176
0.702582
0.792872
0.710784
0.79287
0.724638
0.777437
0.708973
0.791934
0.735467
0.773459
0.717584
0.777365
0.69748
0.772362
0.754719
0.763712
0.725974
0.780802
0.747004
0.732823
0.734409
0.719609
0.765436
0.752933
0.769173
0.742752
0.759612
0.735826
0.756046
0.77209
0.714238
0.786665
0.73057
0.746529
0.746355
0.785346
0.734929
0.760985
0.757791
0.734372
0.742008
0.75558
0.722204
0.774039
0.753667
0.758941
0.756518
0.729505
0.780629
0.701937
0.767892
0.753608
0.709958
0.799172
0.685972
0.773991
0.779871
0.74314
0.780149
0.719189
0.780011
0.69671
0.79551
0.730246
0.748855
0.714975
0.789623
0.733986
0.757597
0.749813
0.754846
0.738769
0.768364
0.745685
0.744153
0.724653
0.784145
0.763062
0.75598
0.729894
