39.6755
45.8676
95.7046
106.125
86.5038
100.344
84.6423
86.2937
106.076
89.7105
88.6878
Control Period 
88.6878
108.1
88.9772
95.9755
110.956
90.5285
103.714
90.1768
106.782
98.9727
94.6789
Control Period 
94.6789
107.96
90.3216
109.339
88.8246
110.347
98.4285
98.7632
108.933
88.0193
106.839
Control Period 
106.839
90.085
94.3998
109.584
90.4194
106.773
99.8266
91.2426
106.852
89.0416
105.377
Control Period 
105.377
102.639
90.2098
110.521
90.621
100.801
108.547
93.8971
108.484
90.1504
108.422
Control Period 
108.422
88.351
114.095
90.6894
109.913
103.122
88.7267
104.122
87.4612
108.106
102.743
Control Period 
102.743
93.4215
106.777
89.9851
108.53
98.0203
103.381
107.89
97.3343
110.636
88.7483
Control Period 
88.7483
105.717
90.5475
109.412
98.4194
102.116
108.787
92.1293
108.484
90.0079
110.981
Control Period 
110.981
90.8852
109.488
100.338
103.63
105.861
94.8104
109.907
90.0227
108.355
90.1106
Control Period 
90.1106
109.155
105.647
103.466
108.266
95.3226
109.858
86.6072
110.923
89.9936
101.005
Control Period 
101.005
108.469
88.5569
113.25
88.8873
108.817
86.4211
110.108
92.7018
116.235
93.2343
Control Period 
93.2343
111.916
98.1492
107.347
101.665
104.018
104.643
92.8549
109.803
89.922
112.562
Control Period 
112.562
90.0252
104.984
89.656
109.95
94.4032
107.111
98.8092
96.3378
107.813
91.9032
Control Period 
91.9032
114.72
90.0935
112.598
90.1027
118.006
85.9176
91.9424
109.793
92.9633
108.341
Control Period 
108.341
101.931
103.738
101.157
95.5935
112.826
89.8974
111.577
91.8478
113.897
89.4986
Control Period 
89.4986
112.003
97.4467
107.833
95.0227
95.0158
96.9077
91.5169
109.29
93.9872
Control Period 
93.9872
118.233
89.9804
116.038
90.1639
112.054
91.756
110.22
91.7847
111.494
88.1055
Control Period 
88.1055
113.756
91.2423
112.57
91.8498
112.724
91.6798
114.123
91.3971
114.339
91.59
Control Period 
91.59
122.862
91.3888
123.871
92.0472
121.037
90.1733
114.91
91.0915
113.544
92.9181
Control Period 
92.9181
114.457
87.9069
110.371
97.0649
108.728
90.9848
116.287
91.6341
114.808
Control Period 
114.808
91.575
110.788
91.5745
106.027
92.1144
123.969
90.5806
124.652
91.6798
111.72
Control Period 
111.72
91.2848
110.923
93.0503
115.195
91.8958
115.348
89.4172
112.402
95.925
110.488
Control Period 
110.488
94.1254
113.471
96.481
109.657
91.6031
104.934
90.2907
109.541
91.8283
Control Period 
91.8283
111.151
96.1303
91.7826
117.338
91.4357
114.874
91.531
124.36
91.0053
125.124
Control Period 
125.124
90.0205
117.231
91.3408
116.314
91.3717
110.849
99.1859
112.669
92.6497
112.498
Control Period 
112.498
88.1313
113.174
95.5462
113.03
95.3663
105.956
91.4569
102.677
96.1527
100.202
Control Period 
100.202
93.9921
102.736
96.3373
112.549
98.8312
108.961
103.935
103.753
109.122
Control Period 
109.122
101.091
117.971
96.0414
114.196
94.5737
115.796
90.9191
114.677
92.8387
114.907
Control Period 
114.907
91.6938
112.28
91.9483
104.966
92.1871
109.157
90.7058
113.286
91.5186
116.21
Control Period 
116.21
91.9011
116.216
87.4693
112.241
91.3885
118.59
91.7268
115.844
93.3872
Control Period 
93.3872
114.86
91.3363
116.561
90.8889
112.727
91.9167
115.477
97.399
113.17
107.509
Control Period 
107.509
101.506
111.44
98.2246
116.074
91.5485
115.976
92.2944
118.321
91.748
108.008
Control Period 
108.008
105.785
91.8257
105.106
96.7252
97.7411
100.991
108.065
104.907
102.466
Control Period 
102.466
118.435
93.1527
114.821
94.1292
110.361
98.278
101.414
94.17
108.58
91.5554
Control Period 
91.5554
116.122
89.7332
113.935
92.5524
113.632
91.8278
115.895
91.1829
119.786
93.0735
Control Period 
93.0735
115.452
100.701
113.367
113.038
96.6582
122.007
92.3957
127.235
91.4144
Control Period 
91.4144
115.127
94.0387
120.129
101.659
106.48
116.057
92.0064
125.717
92.9742
Control Period 
92.9742
129.407
91.8424
115.362
110.149
96.3827
121.183
93.1664
116.351
93.6228
111.013
Control Period 
111.013
94.3958
98.8464
109.98
93.2996
115.001
93.2075
117.015
95.4037
110.95
97.7127
Control Period 
97.7127
106.439
118.81
92.9753
103.847
96.9769
95.2699
106.027
98.8086
109.218
Control Period 
109.218
107.679
100.737
116.07
93.1665
116.23
91.5004
117.709
91.8186
113.078
91.7586
Control Period 
91.7586
105.158
100.207
104.696
112.65
95.7976
113.936
87.4021
121.103
91.1014
Control Period 
91.1014
111.382
91.1602
125.187
91.5402
128.866
91.8115
115.371
93.1247
110.461
88.2887
Control Period 
88.2887
118.473
89.1843
115.031
91.7937
116.134
91.7355
108.046
91.6759
119.037
91.7451
Control Period 
91.7451
123.316
96.5148
111.356
103.916
103.854
111.299
97.048
118.534
90.7499
Control Period 
90.7499
117.546
91.2076
116.377
90.7293
114.996
93.0055
121.354
91.2365
120.023
91.8872
Control Period 
91.8872
113.898
91.5821
115.149
93.0156
117.802
95.2871
110.775
100.435
106.248
Control Period 
106.248
101.396
103.981
107.58
95.9627
106.361
91.0104
110.05
93.5637
115.186
92.3485
Control Period 
92.3485
116.836
91.9145
115.164
96.6528
109.868
94.1869
102.92
96.4364
99.0888
112.631
Control Period 
112.631
96.9938
117.359
90.9197
119.529
90.5581
116.138
90.6896
110.204
91.0676
Control Period 
91.0676
Control Period 
91.0676
