81.8379
96.9764
Control Period 
96.9764
101.313
97.3618
102.723
98.0134
100.49
100.814
99.9386
100.282
95.606
101.425
Control Period 
101.425
101.364
100.253
101.614
96.8836
101.011
96.0782
100.678
99.9987
100.227
100.506
Control Period 
100.506
95.5319
101.196
101.279
101.279
100.587
96.3001
101.25
98.3935
100.59
100.579
Control Period 
100.579
96.537
100.789
100.181
101.132
100.497
95.6726
100.349
97.3727
101.075
100.588
Control Period 
100.588
99.0449
101.228
95.7629
101.619
100.843
100.521
100.417
96.0813
101.709
96.4341
Control Period 
96.4341
101.008
100.398
101.06
100.569
95.8492
102.146
96.1749
100.976
100.684
100.837
Control Period 
100.837
100.941
95.9419
100.877
98.6714
101.261
100.938
99.5391
100.781
95.7442
101.521
Control Period 
101.521
100.297
100.616
101.852
97.1472
100.296
96.739
100.548
100.319
101.392
102.026
Control Period 
102.026
95.9121
74.4194
102.036
100.845
97.2172
100.546
96.3124
101.372
101.654
98.2165
Control Period 
98.2165
102.123
97.5632
102.727
98.1991
102.931
100.988
102.618
102.066
101.874
101.872
Control Period 
101.872
97.1055
102.463
96.7704
101.905
99.9827
102.713
102.093
102.355
101.81
98.4498
Control Period 
98.4498
102.846
97.5815
103.036
100.087
102.98
101.805
102.533
102.156
99.4454
102.448
Control Period 
102.448
96.9252
103.134
97.6913
103.352
100.947
103.679
103.038
97.1916
103.103
96.5775
Control Period 
96.5775
101.845
99.1531
101.498
102.568
101.765
102.684
96.5787
101.785
97.1822
101.672
Control Period 
101.672
101.829
101.369
102.85
98.936
102.188
97.3758
101.402
98.6719
101.686
101.88
Control Period 
101.88
102.23
101.522
96.9286
102.091
97.142
103.066
102.135
101.58
102.246
101.967
Control Period 
101.967
102.392
96.5856
102.925
97.4598
102.574
101.532
102.804
102.422
101.149
102.555
Control Period 
102.555
96.6681
102.709
97.3385
101.871
99.8521
102.644
102.349
102.72
102.48
97.8957
Control Period 
97.8957
101.316
97.3409
101.41
99.973
102.687
102.099
101.094
101.37
98.104
102.635
Control Period 
102.635
96.8207
102.828
97.6237
101.498
102.232
101.69
101.956
99.5163
102.216
96.8978
Control Period 
96.8978
101.377
100.538
101.177
102.303
100.568
102.272
101.244
102.332
98.3158
102.372
Control Period 
102.372
97.0603
102.906
97.5202
102.753
102.319
102.59
101.96
104.657
103.534
Control Period 
103.534
97.6576
104.516
102.504
101.435
101.613
102.653
102.013
97.206
101.492
97.2699
Control Period 
97.2699
102.51
101.06
101.964
102.203
101.89
101.777
98.2265
102.966
97.1058
102.2
Control Period 
102.2
99.7111
103.039
101.654
101.607
102.002
98.0434
102.73
97.5094
101.913
98.901
Control Period 
98.901
100.964
99.3704
101.681
102.045
101.961
102.557
102.356
102.393
97.6592
102.584
Control Period 
102.584
96.912
101.686
101.175
101.628
102.739
102.233
102.838
99.1164
102.949
97.6816
Control Period 
97.6816
101.839
98.9986
102.702
102.8
102.451
101.759
102.257
102.032
96.8524
102.045
Control Period 
102.045
97.0691
101.637
101.018
102.727
102.985
101.923
102.806
99.1545
102.487
97.1534
Control Period 
97.1534
102.789
97.3788
102.689
98.097
101.361
102.005
101.313
102.823
98.3797
102.751
Control Period 
102.751
96.7732
101.336
100.819
101.434
101.424
100.589
102.257
96.6002
102.948
Control Period 
102.948
97.2488
101.389
100.719
100.567
100.401
99.1904
102.05
96.0982
101.646
100.581
Control Period 
100.581
100.831
100.834
95.9759
101.15
100.91
101.502
100.583
96.2863
101.222
97.6104
101.346
Control Period 
101.346
100.315
98.2278
100.833
95.9837
101.524
100.537
100.371
100.789
95.6853
101.857
Control Period 
101.857
101.349
100.517
101.153
96.4296
101.386
97.254
100.122
100.561
98.723
100.459
Control Period 
100.459
96.0914
101.291
102.289
101.081
101.821
100.921
102.427
97.4669
102.971
97.1473
Control Period 
97.1473
102.89
98.6253
102.598
102.289
101.55
101.976
100.807
102.664
97.3671
Control Period 
97.3671
103.227
97.2824
102.538
101.279
102.933
102.523
102.36
102.433
101.269
102.656
Control Period 
102.656
97.5212
102.841
97.5281
101.783
102.705
102.538
102.136
97.5032
102.555
97.2925
Control Period 
97.2925
103.245
99.944
103.128
102.247
102.505
102.424
100.87
102.402
97.5238
103.095
Control Period 
103.095
97.5711
103.173
101
102.683
102.096
101.254
101.153
95.9305
101.669
97.6126
Control Period 
97.6126
101.54
101.038
97.3716
100.464
96.3013
101.466
100.755
96.7786
102.25
97.4179
Control Period 
97.4179
101.944
102.328
102.861
102.367
101.77
102.679
97.441
101.646
97.9302
101.78
Control Period 
101.78
102.117
102.644
102.311
102.506
102.497
97.1667
101.736
97.274
101.729
101.61
Control Period 
101.61
102.64
102.218
103.06
103.196
97.6144
101.926
96.3644
102.13
100.254
102.829
Control Period 
102.829
102.214
101.512
102.731
98.0758
102.176
97.488
101.797
98.9815
103.15
102.377
Control Period 
102.377
102.468
102.63
100.422
102.623
97.3878
101.935
97.3189
101.946
102.244
103.245
Control Period 
103.245
102.497
101.813
100.747
96.6068
101.819
97.5777
101.096
100.984
98.0109
100.834
Control Period 
100.834
96.3518
101.483
100.644
100.49
100.93
97.2122
101.588
96.3166
101.332
Control Period 
101.332
Control Period 
101.332
