180.065
163.299
157.64
157.481
157.561
160.252
159.006
159.65
160.05
170.949
165.108
Control Period 
165.108
162.645
168.199
158.98
168.671
165.903
160.635
166.81
163.448
162.295
167.657
163.309
162.185
Control Period 
162.185
168.194
162.641
163.111
167.479
158.988
165.531
167.442
159.06
166.982
168.116
158.778
166.506
167.472
Control Period 
167.472
159.146
169.484
169.444
159.255
168.208
165.182
160.645
169.725
165.628
159.314
167.699
164.914
Control Period 
164.914
166.318
170.703
167.382
158.936
167.739
167.149
158.858
166.289
164.609
160.98
167.261
163.156
Control Period 
163.156
161
167.604
162.94
162.694
169.025
164.04
164.04
169.366
162.245
163.497
168.121
159.411
Control Period 
159.411
167.058
168.275
160.64
168.252
168.045
158.779
166.351
163.386
161.675
168.275
163.905
163.17
Control Period 
163.17
168.87
163.445
162.042
167.898
160.604
165.099
169.158
158.436
165.882
168.271
160.128
167.97
Control Period 
167.97
167.354
158.953
168.306
164.248
160.925
168.828
163.247
162.791
168.016
163.675
163.64
167.97
Control Period 
167.97
164.182
166.458
161.99
167.659
163.809
162.075
168.293
163.657
162.536
168.452
169.96
163.383
Control Period 
163.383
167.922
163.485
162.97
167.329
159.062
166.878
165.24
161.281
167.423
166.546
163.069
167.822
162.931
Control Period 
162.931
163.094
168.36
159.176
167.36
165.606
160.743
168.673
163.516
162.533
167.873
161.044
165.649
Control Period 
165.649
168.468
159.94
167.55
165.59
161.19
168.139
163.552
162.792
168.614
160.792
166.205
168.663
Control Period 
168.663
159.379
167.116
163.817
162.939
168.145
162.834
173.848
172.729
163.293
163.773
168.127
159.862
Control Period 
159.862
167.919
164.955
161.641
168.846
164.306
163.352
168.471
162.158
163.956
168.683
160.246
167.456
Control Period 
167.456
167.931
160.085
167.381
164.114
162.682
168.53
163.744
163.023
168.12
160.832
165.72
168.027
Control Period 
168.027
159.606
167.496
168.014
159.685
168.059
165.251
162.952
167.851
163.31
163.16
168.325
159.236
Control Period 
159.236
167.658
167.811
159.728
167.569
163.742
162.889
167.929
162.865
163.857
168.439
159.665
166.812
165.426
Control Period 
165.426
160.825
168.085
163.161
162.997
168.294
161.436
164.68
167.398
159.521
166.804
165.044
161.602
Control Period 
161.602
168.243
163.136
163.208
168.172
161.36
164.765
168.429
159.209
167.092
166.03
160.738
168.035
Control Period 
168.035
163.328
162.937
168.164
158.935
167.651
168.483
159.465
167.446
164.346
161.823
167.895
164.488
Control Period 
164.488
162.749
167.924
162.089
164.69
168.519
159.827
167.103
163.942
163.118
168.727
160.902
165.208
Control Period 
165.208
168.849
159.29
167.654
162.987
163.181
168.058
163.411
163.37
167.279
159.79
176.574
171.435
Control Period 
171.435
159.913
175.128
171.739
159.943
166.778
164.289
163.395
168.541
163.183
163.852
167.372
159.968
Control Period 
159.968
166.78
167.792
159.607
168.5
163.287
162.787
167.399
162.038
165.058
168.55
159.456
168.629
Control Period 
168.629
165.477
161.461
167.866
163.261
163.374
167.652
161.258
165.537
169.031
159.185
167.727
165.474
162.838
Control Period 
162.838
169.439
160.935
167.983
168.377
159.476
167.092
163.868
163.061
167.823
162.492
163.799
168.609
Control Period 
168.609
159.544
168.082
167.671
159.788
168.483
163.749
163.071
169.031
160.95
166.44
168.883
159.615
Control Period 
159.615
167.932
165.74
161.408
168.461
164.887
162.685
167.077
159.723
166.925
165.595
161.309
168.04
Control Period 
168.04
162.888
164.052
168.249
162.428
163.889
169.275
159.101
166.753
165.582
161.493
167.868
165.632
Control Period 
165.632
165.22
168.977
159.463
166.871
163.891
161.872
168.13
162.773
163.674
168.483
161.336
164.887
Control Period 
164.887
168.626
160.537
167.517
166.781
159.513
168.244
165.159
163.078
168.065
160.154
167.36
170.85
Control Period 
170.85
161.56
169.406
168.365
160.044
167.33
165.329
163.599
168.348
164.753
164.085
168.189
163.804
Control Period 
163.804
162.778
168.211
163.743
164.326
171.578
165.435
164.108
168.525
162.865
163.21
167.447
161.271
Control Period 
161.271
164.705
167.79
158.937
166.467
168.747
160.352
167.082
168.417
159.307
167.037
167.741
159.934
168.481
Control Period 
168.481
169.409
160.203
168.065
167.876
159.555
167.749
165.118
161.778
168.358
163.881
162.748
168.621
Control Period 
168.621
163.743
164.107
169.049
163.44
162.924
167.917
158.778
167.528
166.784
159.876
167.856
163.685
Control Period 
163.685
162.621
167.33
160.067
166.518
167.909
159.434
167.438
163.601
163.176
168.742
163.866
163.47
Control Period 
163.47
167.758
159.404
167.348
166.92
159.882
167.703
163.451
162.935
168.249
160.41
167.174
168.913
Control Period 
168.913
159.667
166.805
163.151
162.665
170.462
165.851
165.316
169.57
163.411
165.463
170.198
159.643
Control Period 
159.643
167.409
165.797
161.107
168.238
164.009
163.204
168.342
159.297
167.627
168.06
159.99
167.593
Control Period 
167.593
165.351
162.548
167.786
162.574
164.291
167.888
159.27
169.626
167.799
160.159
167.721
165.586
Control Period 
165.586
161.764
169.584
165.366
161.213
168.453
164.026
162.514
168.52
164.125
163.413
169.504
165.987
164.866
Control Period 
164.866
170.041
164.27
163.729
168.484
159.984
167.926
167.57
159.479
169.541
166.296
162.815
168.645
Control Period 
168.645
163.785
163.148
168.225
159.245
167.738
168.365
159.569
167.814
163.968
163.115
168.316
163.547
Control Period 
163.547
163.482
168.083
160.033
167.746
169.486
161.681
168.016
164.501
163.067
168.384
161.729
164.916
Control Period 
164.916
168.423
159.873
167.794
165.326
161.795
168.325
164.066
163.011
168.444
160.531
166.296
168.461
Control Period 
168.461
159.8
167.682
164.118
162.516
168.299
164.097
163.012
168.505
159.189
167.693
168.389
159.576
Control Period 
159.576
167.779
164.068
163.193
168.398
163.282
163.603
168.854
161.105
164.723
168.784
159.881
166.245
Control Period 
166.245
168.376
159.724
167.938
168.498
161.865
167.829
167.716
160.287
167.958
164.323
165.273
162.073
113.569
Control Period 
113.569
115.515
111.933
Control Period 
111.933
