0.113664
9.5232
16.4014
20.8957
4.83738
18.8017
32.3942
11.775
32.3215
30.1066
16.3912
32.3809
11.8272
21.1046
32.3922
9.54778
25.6727
32.3871
11.7688
32.3922
25.5375
13.9018
32.3953
9.54266
23.3974
32.3891
11.7637
30.2428
27.8149
16.5571
32.3891
9.54982
23.8008
32.512
14.5162
32.5417
3.9127
27.8886
32.4342
12.2173
Control Period 
12.2173
32.4454
9.56826
27.8764
32.5089
13.3755
32.5171
12.0238
30.636
25.6727
23.5991
34.9071
14.4538
34.8959
9.5529
31.8945
23.2673
21.0115
32.4547
10.0608
32.4803
11.8784
26.0905
32.5427
20.0469
32.514
12.076
30.6043
32.5847
21.4047
36.9736
12.3003
34.8918
9.59181
32.4291
27.8692
17.4889
32.511
9.56006
32.4669
16.4321
25.5693
34.7648
Control Period 
34.7648
16.8274
32.4925
10.0628
32.5202
23.2868
23.7199
36.9766
18.689
37.0391
11.7944
34.9184
9.57542
32.94
30.1312
21.035
32.4721
12.3054
32.4588
9.5744
33.1971
14.1394
26.2236
32.5171
21.377
32.4485
9.57133
32.4895
9.56723
28.2266
27.9685
23.2694
32.5366
17.7766
32.5274
14.121
32.4547
2.03059
25.5898
37.0002
18.6655
34.8928
12.329
34.7822
Control Period 
34.7822
9.54368
30.6596
21.033
23.7763
34.8713
21.335
36.9859
16.8141
34.8877
14.5183
32.5274
10.2257
32.5356
14.334
28.3976
28.0044
25.5744
34.9174
19.1314
33.6527
16.3799
32.5478
12.2276
32.4987
12.0463
30.1906
23.2376
25.9205
37.0493
23.2745
32.5315
19.158
32.4966
16.8059
32.4577
2.99213
32.4639
2.9655
27.819
32.4936
23.682
32.5202
20.5998
32.5448
18.69
Control Period 
18.69
32.4977
7.65645
32.5038
9.55187
32.4465
9.57952
34.6941
9.55802
34.8754
9.55187
33.2739
9.55699
30.2438
21.0391
25.5877
36.9644
23.2929
34.8826
20.9633
32.5601
19.0843
32.5775
17.0383
32.554
5.69446
32.4751
9.56518
32.4495
9.56826
32.0164
11.8661
32.3912
16.4198
28.6966
30.1752
21.4886
32.4844
18.7218
34.858
16.3932
36.9828
14.0882
37.0954
12.3279
32.5734
11.8252
Control Period 
11.8252
32.4833
5.79482
30.5562
9.56723
30.6688
9.5703
30.849
9.56006
34.7085
9.55392
30.2029
0.134144
26.0997
28.0054
25.9287
27.904
27.8118
23.3441
28.4815
20.9807
28.5082
18.6972
26.2124
27.8456
23.7763
34.9163
25.5775
34.9133
25.5427
30.164
28.4498
25.6614
28.2604
30.1466
23.8592
32.4506
21.5542
36.9613
21.4456
34.8662
21.3637
32.4874
21.5634
32.5489
23.4844
32.4844
16.9953
32.4782
Control Period 
32.4782
16.7854
37.0176
18.6952
37.1057
20.9418
32.4618
26.0045
30.1619
23.7588
30.164
23.764
32.5929
27.8323
21.0237
28.2726
11.8804
34.6941
9.5488
34.8375
9.54778
32.5611
1.0793
32.5396
9.5703
32.4393
9.56416
34.8549
9.54573
36.9889
11.8057
32.5007
10.752
32.4721
10.1325
32.4454
12.1733
34.86
14.1148
34.8693
17.0506
32.4844
19.2696
32.5192
19.1222
32.4352
19.243
34.7013
21.3453
37.0586
23.7691
Control Period 
23.7691
30.1875
27.8016
18.7105
30.85
9.55494
32.5222
1.07315
30.7098
9.56928
32.4618
9.56826
36.9766
10.2164
36.9838
14.6043
32.4987
19.0689
32.4403
18.6982
32.4506
19.1416
36.9859
23.7097
30.2674
28.2348
14.1578
32.5734
9.54982
32.4915
5.77536
32.4352
9.56723
32.4506
9.58566
34.7064
12.2552
36.9869
16.4219
32.4905
21.079
32.4936
23.3841
32.4721
23.6739
34.6911
27.8927
16.4372
30.594
9.56723
34.8652
3.8871
Control Period 
3.8871
32.4833
9.28768
32.5612
14.5172
32.4884
18.7075
36.9603
23.7015
27.9357
30.1619
9.55802
37.0381
4.8128
32.5089
14.7292
32.471
16.4198
32.4741
20.9521
34.8754
25.9482
14.1732
33.2442
9.54368
34.8867
12.4488
32.5673
18.9583
32.4628
19.1836
32.4383
23.6421
27.82
30.5183
9.5703
34.8406
8.85965
34.7187
14.5162
32.5427
23.7261
32.4751
23.2909
34.69
28.1969
9.57133
32.4311
1.98758
34.8631
14.1015
32.6072
19.3536
32.4598
Control Period 
32.4598
23.8356
25.5785
27.9112
9.56211
32.514
11.8415
32.6052
16.0522
32.4506
21.4641
32.5581
30.1404
9.56314
34.8652
10.2369
33.4961
20.0397
32.4413
28.3976
25.5754
28.2429
2.96653
32.4833
9.56723
33.8278
16.3901
36.9838
23.2868
23.3882
32.7229
9.55085
32.4905
11.902
32.4751
14.635
32.4782
19.0741
34.8989
27.7862
11.8446
34.7955
9.54368
32.4792
13.1983
32.5151
23.2888
9.55085
32.471
9.57133
32.4844
12.245
34.8488
18.985
33.5718
Control Period 
33.5718
26.0721
14.123
36.9377
3.0455
32.5499
14.6801
32.4557
21.0186
34.8416
30.1015
9.57133
36.9654
12.2296
34.7781
23.1997
30.1988
30.4435
9.56109
32.5161
9.57338
32.4444
16.4076
34.8867
25.5438
21.0493
35.0659
9.54778
32.512
14.677
32.5007
21.0319
32.4936
28.33
9.56928
32.4465
11.8098
37.0053
21.1037
30.2592
32.3441
9.54675
32.5151
14.292
32.4639
16.7752
34.7228
25.9799
14.1783
32.4219
9.55187
34.9235
18.6788
32.4987
30.079
11.8477
32.556
9.56109
Control Period 
9.56109
32.47
14.1066
34.8518
27.2479
23.3421
33.0158
10.5478
32.5325
18.986
32.4772
26.0905
6.72154
32.4803
9.56826
32.4198
18.9911
37.0053
30.1723
9.57338
37.0094
13.2896
32.4977
26.0096
23.3144
30.6452
9.56826
32.4577
14.1066
34.8385
27.2397
23.3492
32.9093
1.97837
34.7689
19.0577
32.4803
26.0669
11.8508
32.5151
9.56621
32.4659
19.0331
34.9092
30.2778
9.55597
37.0022
16.1876
32.4618
25.598
30.1425
28.2368
9.57133
32.4618
12.1733
34.8334
24.3361
25.6778
Control Period 
25.6778
32.5335
4.81485
32.5161
19.2276
30.1701
30.2152
14.1158
32.47
14.1107
34.6665
28.8857
9.56416
34.7105
7.62745
34.7812
25.4966
14.123
34.7679
13.245
32.4915
19.1836
32.4157
30.1865
9.56826
33.8258
16.7014
33.5237
29.1686
9.54778
33.5647
16.8597
32.4475
25.5939
14.1261
32.4977
9.91334
32.4178
21.2173
25.6113
33.7848
4.82816
37.0258
23.1027
30.1988
34.6747
9.55699
32.4895
14.55
32.4475
25.5826
11.8876
32.4454
7.40659
37.0248
29.2468
18.7023
34.8529
14.5478
32.5345
Control Period 
32.5345
18.7075
32.4065
28.8866
9.57338
32.4311
11.1002
37.0381
33.817
0.118784
37.0309
21.5234
32.4813
31.1722
11.8569
32.4659
12.204
32.4014
25.5089
11.8651
34.6849
14.1784
34.7955
28.9215
1.9968
32.5386
15.6678
32.4608
25.599
20.9971
32.468
14.0739
34.8733
33.856
9.55802
34.8611
26.985
30.2653
35.1314
13.559
32.5222
21.588
23.2991
32.4669
9.57542
32.4669
19.0925
34.9194
34.6094
9.56109
36.9889
24.647
32.5079
33.9267
5.76512
32.5499
19.7331
32.4413
28.2266
9.56621
32.4127
Control Period 
32.4127
18.6675
34.9553
37.2276
9.55699
37.036
22.8597
32.4659
30.8265
10.5498
32.4895
18.4116
32.4137
28.3187
9.56211
34.7136
21.6665
32.4762
32.9349
5.9225
32.5079
25.5162
18.7044
32.553
13.4672
32.4475
22.0452
27.9675
32.469
11.8036
34.902
26.6108
21.0616
36.9859
16.0169
32.5489
28.4792
0.103424
32.555
10.9779
32.4413
22.9777
30.1066
32.4465
11.8139
36.9899
31.3053
21.0196
36.994
17.8345
32.556
26.0383
21.0084
32.5878
9.98298
32.4495
25.2796
18.7372
32.4444
10.2851
37.0278
31.5099
0.091136
Control Period 
0.091136
33.5626
21.4696
32.4833
31.0178
16.3953
32.4956
18.4454
34.8549
37.8241
9.5703
34.8631
27.425
32.5243
36.3768
9.54573
32.5294
26.7036
27.8467
32.4598
12.5703
32.5233
25.4323
18.7341
32.4669
17.0708
34.8989
36.5519
6.7287
33.5636
21.8904
32.4741
31.9276
14.1066
32.4618
20.4485
34.8385
37.8118
0.128
36.9838
28.3799
32.5355
34.2531
9.55187
32.5059
23.6248
25.5744
32.469
14.5713
32.4332
23.4057
18.7812
32.4403
17.079
37.0872
36.5304
9.5488
37.0606
22.6688
32.5222
30.905
11.86
Control Period 
11.86
32.4741
18.5162
34.8303
39.862
6.73587
36.9859
27.8468
32.5673
36.1027
17.5508
32.5304
29.4833
14.1445
32.51
17.2092
32.4424
27.7609
2.01626
32.4567
21.3738
34.9
40.8671
9.54573
34.7689
26.3596
18.7249
32.5356
19.2817
32.4895
27.2878
16.5448
32.4495
19.4978
37.0268
37.8857
9.56826
37.0033
28.3768
32.5243
36.2643
10.5488
32.5366
22.217
27.8569
32.4833
14.5734
34.6849
29.3258
18.7238
36.9879
23.8241
32.5939
30.6338
9.55904
32.5407
20.0056
32.4147
31.9081
9.56826
32.4516
24.0597
26.6936
Control Period 
26.6936
32.4219
15.0893
34.7771
34.8016
9.5488
32.5233
25.4724
23.2745
32.5253
15.818
32.4239
29.294
11.8733
32.4219
21.3758
34.8908
40.861
9.5488
34.7679
27.9721
23.2878
32.5355
18.2991
32.4956
29.2776
15.1818
32.4342
21.385
37.0207
40.8528
9.56416
34.8877
31.6778
27.8886
37.0063
21.5529
32.5161
27.0196
32.426
36.5161
13.8284
36.9654
34.3105
16.4485
34.8334
22.3542
32.5243
32.9501
8.60774
32.4997
25.7908
30.1455
32.4823
14.5672
32.4475
26.6759
9.56723
34.8744
26.1938
32.554
33.4078
9.5447
32.5437
Control Period 
32.5437
28.639
20.993
32.5632
18.8272
32.4762
30.7251
9.57235
32.4424
23.8305
30.25
37.9019
21.5488
32.5181
31.9236
9.56109
32.5591
25.9684
32.4219
33.2225
9.57133
32.4475
27.254
11.8579
36.9725
26.4015
32.513
38.34
12.5498
32.5888
28.425
16.4035
32.5417
19.1169
32.4874
33.0065
4.8425
34.7116
26.2082
2.02445
34.8498
23.9727
32.5468
31.6389
9.55187
32.5376
27.3852
32.4239
35.1527
9.62208
32.4209
30.2755
6.74816
36.9582
27.0954
32.5304
37.5756
10.5498
32.5796
29.6453
20.9879
32.4966
18.82
32.4506
30.5549
9.57338
Control Period 
9.57338
33.8166
27.8325
27.947
34.8293
23.9174
32.5642
33.6461
9.5529
32.5417
25.9773
30.1353
34.4639
15.5683
32.4198
33.255
11.8456
36.9961
28.5603
32.5366
41.3758
13.557
32.5222
30.4414
14.1343
32.4925
22.1404
32.427
33.863
9.57338
34.857
33.0229
21.0381
36.9664
18.6289
32.5427
38.0718
4.81894
32.4813
27.1805
22.4358
32.5253
18.8231
34.73
36.5508
9.57133
34.818
24.1923
27.8999
34.8897
22.0548
32.5622
33.7475
8.60262
32.5212
23.3942
32.4147
37.1742
11.557
37.0022
31.1622
16.4608
34.8283
27.0749
32.5478
Control Period 
32.5478
36.33
11.5549
32.5243
29.0145
18.7228
32.5243
22.2911
34.857
39.6616
9.57235
36.9787
32.6697
27.9255
34.8692
26.0219
32.4905
35.2962
9.5703
32.5192
25.3932
34.7249
44.1077
5.02854
36.9971
35.3555
11.8804
34.8693
30.5551
32.5427
39.8776
17.5631
32.4997
28.4804
18.7177
32.4731
15.7818
34.8723
44.8282
6.73485
36.9664
34.9408
3.8953
34.9164
28.0892
32.5038
39.4495
15.5478
32.4659
27.7249
30.2961
36.4864
18.8067
34.8406
39.6462
9.57133
36.9828
31.7639
27.9009
34.9696
25.7965
32.4884
32.598
11.8538
32.471
Control Period 
32.471
25.7823
32.5243
40.4803
17.8468
36.9981
38.7251
9.56723
37.0145
33.6747
21.0237
32.556
25.7619
32.4506
35.9419
6.73894
32.4598
29.3627
11.86
32.4424
27.7885
25.6573
36.9766
27.7985
32.6011
36.9224
11.5631
32.4762
30.036
18.7044
32.4997
22.4876
36.9644
43.1805
11.5652
34.8733
37.9562
14.1373
34.8774
23.8561
32.4762
37.3904
16.1445
32.4291
30.951
20.949
32.4905
24.7885
30.1957
34.7249
24.2122
32.5591
37.331
13.556
32.5478
33.466
11.8548
32.5366
24.5469
32.5048
38.2305
13.5621
34.8283
36.3146
9.56723
34.8652
26.6644
Control Period 
26.6644
30.2141
40.9981
24.6098
32.4751
34.3144
16.4198
32.47
25.7465
32.428
36.4936
21.2921
37.0166
40.1019
9.56928
34.7781
36.2069
5.78355
32.5366
31.9531
32.425
37.6452
16.5693
32.4618
35.6872
9.56314
36.9428
32.7557
21.033
37.0115
31.2706
32.5243
39.3791
14.5734
32.4874
33.0278
25.6174
32.5038
24.6196
36.9541
45.1344
5.00909
37.0207
37.4016
2.01114
37.0514
32.3779
27.8497
32.553
24.2889
32.4741
34.6164
9.56621
32.4977
30.3345
9.56723
37.0084
36.9551
9.57133
34.859
37.9439
14.1414
33.5739
30.9048
27.8979
32.5386
23.2971
Control Period 
23.2971
32.4004
34.6061
9.57235
33.8094
35.3228
9.57235
34.8385
37.6998
9.56211
36.9971
37.7162
21.0186
32.5028
28.5038
27.8354
32.5407
24.8026
32.4076
36.6051
9.56826
34.6655
34.2398
11.8487
34.8314
35.4157
27.905
34.8897
30.7924
32.5151
39.7049
10.9445
32.4475
31.1713
20.9408
32.4393
27.8008
26.668
33.7674
28.0687
32.5253
40.6319
20.5549
32.5345
38.9215
9.56109
32.4905
30.1222
27.8211
35.4475
24.0943
36.9685
46.8395
6.78048
36.9899
39.3576
5.76922
33.5411
31.132
18.688
32.5151
30.6522
32.4823
38.8589
11.5621
32.4567
34.639
1.99475
Control Period 
1.99475
34.8477
34.7772
23.338
37.0401
31.3197
32.5038
42.426
17.5601
32.4598
31.4456
23.2858
32.4301
26.8376
28.0064
33.4547
24.4507
37.0371
46.2163
14.558
32.4905
37.7473
9.56621
32.4833
32.0692
14.1292
32.4792
26.5531
36.9603
46.117
13.5672
36.9449
39.3228
9.56211
34.901
33.7485
23.3001
32.5294
28.7526
32.4475
39.9009
9.63539
32.4618
34.3576
9.56826
34.6819
32.6634
18.7372
34.8785
33.079
32.556
44.4204
6.08806
32.4884
33.2817
16.4413
32.4792
28.7085
25.5242
32.4157
27.4116
34.7525
41.4506
21.8929
32.5304
40.0431
13.5621
32.5212
Control Period 
32.5212
36.0147
1.99475
32.4762
29.7126
28.0279
34.4342
25.5224
36.9469
48.1302
16.5621
34.8989
42.2253
9.55494
32.4987
36.1782
11.8589
32.555
27.8991
23.3073
32.4844
26.3228
34.8232
45.9461
9.5785
34.8641
37.5754
9.56006
37.0278
36.809
23.3062
32.5079
30.6655
32.4342
41.372
14.5713
32.4383
34.6186
9.57338
34.8242
37.9962
14.1701
34.8467
34.4065
27.9583
34.902
30.2726
32.4465
39.8876
15.0371
32.4444
33.5112
9.57133
32.4485
32.0566
16.4475
34.8539
34.5398
30.2408
41.7812
27.5539
32.5386
38.2717
12.558
32.4762
30.1642
20.9613
32.4782
29.77
Control Period 
29.77
27.945
34.7034
30.4609
30.2531
40.9184
29.0844
32.5233
40.4959
17.5519
32.5151
33.241
20.95
32.4342
31.7351
18.732
34.7249
33.3768
25.6072
34.8344
33.1692
32.597
44.25
19.5498
32.5233
36.3032
16.6339
32.4905
31.1816
14.1507
32.4157
32.6593
2.0265
36.9971
35.0923
32.5089
46.7537
22.5539
32.5151
39.7761
10.5693
32.4956
31.6972
23.2438
32.4383
29.724
2.98086
34.7126
32.0861
32.5335
46.8376
22.558
32.5243
41.7893
10.559
32.4618
33.9992
21.1661
32.4547
30.7803
2.96141
32.4413
29.4978
30.2592
39.8426
28.9267
32.5386
41.9439
15.559
Control Period 
15.559
32.514
35.4446
11.8436
32.5079
30.7146
21.12
32.427
30.726
23.3554
34.8621
30.5807
30.2039
41.9992
28.9779
32.5304
44.1015
9.90861
32.4475
33.3781
21.0084
32.4393
31.7187
20.9828
32.427
30.7731
23.3482
34.8928
34.079
32.4782
44.6647
18.7805
32.5059
36.3052
10.9568
32.4352
31.1539
20.9541
32.4618
31.7054
18.7494
36.948
27.766
30.2244
39.8877
27.0466
32.5048
42.0658
15.5652
32.4874
33.0094
18.9153
32.5233
30.0086
27.8303
32.4106
29.386
25.6154
34.8559
33.08
32.5448
44.6534
22.5601
32.4977
36.3175
16.4403
32.4618
32.1007
18.6962
Control Period 
18.6962
32.4291
26.9438
18.7505
36.9347
36.3994
23.3462
34.8467
36.1169
32.4516
47.7392
24.5519
32.468
35.4057
11.8282
32.4516
31.134
11.8436
34.8897
38.8172
21.0524
36.99
35.5664
21.4446
33.5206
31.5813
32.4669
41.678
22.8159
32.4383
34.8778
9.56416
34.6982
39.2716
2.9655
34.8795
39.6767
5.77126
34.9123
36.5162
27.8825
36.5386
27.295
32.3963
39.9113
3.04653
32.4086
39.5796
5.79482
34.8672
41.9633
9.56518
37.0196
38.6849
16.4004
32.5509
32.8262
20.994
32.4987
22.8719
32.3994
43.5869
20.559
36.994
43.6605
9.56826
34.8979
41.3996
9.55085
32.51
Control Period 
32.51
37.0616
9.56109
32.5253
28.8433
18.6952
32.4813
29.4035
27.9624
38.4618
27.1261
34.8795
50.203
16.5601
34.731
40.9912
11.556
32.5059
38.8244
2.95731
32.4854
34.9695
2.9655
32.4557
31.8356
27.818
32.4526
29.6902
21.0391
34.8324
35.5869
27.9439
38.8887
27.0666
32.4874
40.8845
16.1124
32.4065
36.3236
9.56621
32.4137
35.2694
9.56928
34.8396
40.1478
11.8682
37.0094
37.8899
20.9838
32.5376
30.9841
0.123904
32.4721
27.8139
32.4157
41.2399
16.5683
34.8334
44.2335
9.57952
37.0258
40.948
9.56518
32.5202
35.4538
7.66259
32.4833
32.1805
11.8354
32.4506
31.8827
Control Period 
31.8827
25.7157
32.4506
30.8018
21.0575
34.8477
37.5172
27.9112
37.8805
33.158
32.4792
43.374
22.1425
32.4608
39.3277
9.5744
32.4014
35.4237
9.56621
36.9859
41.9736
1.05165
34.9327
41.6706
4.83226
32.5407
35.9562
23.3011
32.5325
28.5818
32.3922
46.4229
16.9491
36.9592
46.6288
6.72154
34.8856
44.5603
9.55904
32.5519
39.6145
9.56211
32.512
35.1437
14.1425
32.4669
31.8335
23.3953
32.4465
32.7332
2.98086
36.9644
35.4886
27.9163
37.9
33.2327
32.5315
47.853
24.5498
32.4721
37.4528
14.0984
32.4444
36.036
7.67283
34.731
39.69
14.1752
36.9951
37.8315
18.7156
Control Period 
18.7156
34.7955
34.6163
16.4352
32.513
32.4694
25.5672
32.5325
30.1076
34.8293
51.124
19.559
34.9194
44.6206
9.55392
37.0176
43.4067
9.56416
32.5499
39.5631
2.94093
32.5089
35.9879
23.2571
32.4444
33.6798
16.4352
32.4424
34.6982
16.4321
34.8457
34.6429
23.3411
36.9777
35.5531
27.8866
35.5468
28.9371
32.4362
41.3136
17.5672
33.7992
42.5549
10.5642
34.86
42.3637
9.56928
37.0299
42.9654
1.99782
32.4751
35.589
11.8374
32.5038
33.9236
25.7485
35.4383
30.4229
27.8292
33.4321
29.5393
18.7658
37.0176
38.3768
23.3114
33.58
32.8925
1.06701
32.5335
35.1191
27.8497
Control Period 
27.8497
37.4454
25.7924
36.9674
51.2757
18.5693
34.8283
45.6831
1.05267
36.991
45.2612
6.71027
32.5806
41.8336
11.5529
32.4485
39.4733
16.3983
32.4188
37.0473
9.56723
32.4444
36.3217
9.56723
34.8477
43.114
4.8343
37.0627
41.3126
9.55392
32.555
38.2265
16.4239
32.51
31.8991
23.4168
32.4557
34.7453
14.1588
34.8785
39.8929
2.96448
34.8559
39.3758
21.0627
34.7064
35.8079
21.0289
32.5325
33.6993
23.2796
32.4383
29.5715
32.3963
42.4772
27.3034
34.8293
50.2214
18.5631
33.5473
45.0266
12.5539
32.5376
43.8211
13.5519
32.512
38.339
0.120832
32.4598
38.0401
9.5785
32.4332
Control Period 
32.4332
36.334
9.5703
34.8682
44.0013
9.56211
37.0391
41.6849
14.123
32.5591
36.3014
11.8845
32.4608
34.6993
25.5805
36.4833
31.3901
27.7985
36.4424
31.3901
16.51
34.8508
40.3707
21.0237
36.9992
38.59
21.0186
32.5366
33.9738
2.95526
32.5222
32.3932
23.2899
32.4403
29.549
32.4557
42.4628
27.2317
34.8559
51.2583
13.823
32.4813
43.3096
16.5488
32.4444
44.7955
13.5601
32.4434
37.5265
16.4127
32.4291
36.9777
9.56621
33.8473
38.9961
1.06701
37.0002
42.6665
5.76205
35.0013
38.9441
18.7095
32.5202
37.9541
21.0115
32.4659
26.9528
31.5505
47.471
24.5683
37.0534
Control Period 
37.0534
47.5468
11.5703
34.8631
46.2499
9.55699
32.469
41.112
11.5601
32.5448
41.2104
9.56314
32.4434
36.1867
5.79789
32.4669
36.0638
11.8938
34.7453
40.69
14.2029
34.8918
40.7588
18.8058
37.0115
38.3912
20.9869
32.5458
33.9501
23.3144
32.4444
29.6022
32.5571
47.4936
24.942
37.034
46.1357
1.09421
34.8713
47.5693
5.88403
32.5386
42.7044
13.5478
32.4833
40.5754
11.8374
32.5304
37.9592
9.57235
32.468
33.5661
9.57235
37.0053
43.2553
2.03981
34.8457
41.6696
5.76717
32.4823
34.198
9.55494
32.5222
34.732
18.7146
32.4413
29.9786
23.2479
32.4413
35.7095
16.4588
36.9777
38.7229
Control Period 
38.7229
16.4372
34.8447
41.3994
21.0401
32.4864
35.7699
11.8518
32.598
35.686
23.3277
32.5478
34.8479
23.296
32.4628
35.1365
11.8825
36.9715
43.6542
11.8528
36.9828
42.6849
14.1302
32.4905
36.396
9.55392
32.4751
37.2297
21.2214
32.4598
36.6788
14.1496
32.4567
38.0884
11.8845
37.033
43.6747
14.1588
36.9736
40.6665
11.8559
32.6134
41.2008
11.8426
32.4782
35.7197
23.4547
32.4588
36.7177
14.1967
33.8033
37.22
9.57645
34.9112
44.69
2.02342
36.9684
40.8561
14.1312
32.5386
39.3955
18.7167
32.4792
35.4434
28.032
42.5038
29.185
34.7802
51.3912
25.558
37.0452
51.5498
12.5478
Control Period 
12.5478
32.6103
42.1366
17.557
32.4444
45.9439
15.5365
32.5161
38.3934
9.56211
32.4895
40.4405
9.56723
34.859
46.291
9.56314
37.0104
45.9777
9.55392
32.5386
39.3421
9.55187
32.5028
39.4692
16.4178
32.5151
38.9766
9.56723
32.4301
39.3258
9.56518
34.9061
45.9644
9.55085
33.5483
41.6014
9.58054
32.5458
39.4824
10.5468
32.4792
37.7259
18.6716
32.4782
37.0412
9.57133
36.9848
40.2109
9.56723
34.9256
42.0321
1.05472
32.5151
41.2182
9.55801
32.4823
36.1468
21.1681
32.4649
35.1437
9.56928
34.7075
39.949
9.56826
34.8785
44.1089
4.82714
32.5171
39.6268
9.56314
32.5018
37.46
11.8231
Control Period 
11.8231
32.51
34.2104
9.56621
32.4608
39.3412
3.89427
36.9838
44.9469
9.55597
37.0196
43.1048
9.55597
32.5396
38.5685
9.55597
32.469
35.0986
14.2776
32.4588
37.9992
8.62515
36.9715
43.0669
9.56211
36.9787
44.6634
14.1261
32.5059
37.0616
9.55494
32.5059
38.1293
20.9613
32.4977
36.7116
14.167
32.427
36.9654
9.5703
37.0084
43.0198
9.56109
37.0196
41.7101
11.8426
32.512
38.1948
5.77331
32.4721
34.8243
23.4025
32.4547
36.6726
14.1425
34.8529
40.6399
14.1527
36.9838
41.6614
11.8364
32.4987
37.0565
8.60262
32.4465
37.0094
21.0063
32.4536
37.1109
11.8815
32.4321
37.0618
9.57133
34.8836
Control Period 
34.8836
44.0792
2.95424
33.5401
42.0131
9.54982
32.5161
37.6504
11.863
32.5048
35.6941
18.6614
32.4076
36.9746
9.57235
34.8539
43.0618
7.68
34.8887
43.6696
14.1507
32.5202
39.2151
9.54982
32.5048
36.1427
21.164
32.4444
35.1631
3.90246
34.7116
40.0126
9.58259
36.9797
44.6522
14.1476
32.4987
37.0575
9.5529
32.4905
36.2585
11.8405
32.4792
36.7013
5.79072
32.4137
36.0167
11.8876
36.9992
43.6696
14.1548
34.8908
41.6931
14.1384
32.5417
39.2417
2.95322
32.511
36.0322
23.467
32.4557
35.7023
14.1691
34.8529
40.6593
11.8446
36.9797
38.8961
11.8436
32.512
38.0606
1.98861
32.5458
36.994
16.5888
Control Period 
16.5888
32.427
38.031
9.56826
32.4117
41.9562
9.56621
36.99
44.9654
9.55699
32.5284
41.3626
11.5508
32.5069
46.0321
13.5652
32.4895
38.2092
9.56928
32.4157
38.3131
9.57235
36.9746
49.2346
6.72563
34.8989
49.2274
9.5447
32.556
48.2337
18.5488
32.4465
40.596
16.1302
32.4096
42.679
11.5662
34.7156
46.6472
6.84966
34.8754
49.6493
10.5478
32.5274
45.6369
15.5683
32.5386
45.031
20.5447
32.4803
40.4477
9.56314
32.4588
41.2468
3.90758
34.8774
47.2704
9.56006
34.8897
49.5365
13.5468
32.5059
44.0588
17.5785
32.4997
43.0413
15.8354
32.4823
41.4405
2.96755
32.3942
41.5622
10.5713
Control Period 
10.5713
34.9071
49.2765
9.54982
34.7679
46.5048
13.5549
32.5202
44.7444
15.5631
32.4669
39.4333
3.90349
32.4372
40.2929
9.5744
36.9541
48.2325
9.56211
34.9092
46.9521
9.56518
32.5263
38.9521
9.5529
32.4792
42.7312
13.2763
32.4608
42.3257
9.5703
34.6778
44.5592
10.559
34.8938
49.2294
9.56109
32.5253
46.7678
7.07008
32.5028
44.7536
14.6026
32.4803
39.198
9.5744
32.4475
39.4241
9.57338
34.8713
46.3494
9.5703
37.0289
47.4077
2.94298
32.5151
42.8131
13.559
32.4598
41.3155
12.0269
32.513
41.338
9.56723
34.8211
46.3545
9.57133
34.8979
47.2571
7.66566
32.5007
47.1795
17.5539
Control Period 
17.5539
32.5284
44.8038
16.5508
32.4639
39.0689
9.56314
32.4372
38.3115
0.114688
34.8733
45.3535
8.6057
37.0504
45.3832
9.56928
32.5345
43.8643
13.5611
32.4741
40.4559
14.1261
32.4362
40.3709
3.90451
36.9582
45.2972
9.56314
34.8713
47.3146
9.55904
32.5151
43.9144
13.5631
32.4987
41.3216
12.0381
32.4618
40.2622
9.56416
34.8385
47.556
13.5611
34.9153
47.8336
11.5488
32.468
44.2431
18.558
32.5478
42.346
7.09011
32.4741
41.7578
7.79072
32.4147
42.2827
9.56723
34.8744
48.2704
9.5703
37.0094
47.2509
9.56518
32.6195
47.7996
6.09216
32.4424
47.8538
12.7041
32.4291
41.2909
10.6516
32.427
Control Period 
32.427
40.3493
9.57235
36.9592
48.6892
11.5683
37.0145
49.2438
0.088064
32.471
47.7647
12.7205
32.4936
47.8794
15.5468
32.4874
40.077
14.2991
32.4547
38.4211
9.56928
36.9306
46.2695
1.0752
37.0371
47.5245
8.6016
32.4803
45.1427
13.5519
32.4608
43.771
15.5549
32.4157
38.0432
9.56109
32.4475
40.4948
4.85069
34.8498
46.3903
9.57235
34.9123
47.4579
9.55392
32.6021
42.9575
13.5498
32.5028
46.9122
15.5549
32.5222
40.4467
4.8425
32.4219
40.2796
9.56314
34.8744
47.6309
11.5672
37.0135
47.7158
11.5601
32.514
45.9572
20.5508
32.469
41.6861
10.4234
32.4946
42.7752
11.5703
33.7777
44.5386
13.5631
Control Period 
13.5631
34.8989
50.5416
14.559
33.5677
48.0337
15.559
32.511
48.2982
11.9814
32.4424
42.7466
17.1087
32.426
41.7015
12.5734
34.8396
48.6012
11.5713
37.0258
49.6421
12.5703
32.554
45.0803
11.9481
32.4977
45.0086
16.8323
32.4547
41.3329
9.56416
32.4024
46.5304
14.5734
34.8856
49.6728
12.556
34.729
47.9533
11.823
32.4792
45.1284
19.5549
32.4547
43.3083
11.861
32.4454
43.2888
9.56211
34.8529
48.6247
2.09933
37.0248
50.5058
10.7702
32.5458
46.3873
23.558
32.4813
46.1047
21.558
32.4475
41.9787
9.56416
32.4475
43.2776
9.56928
36.9613
48.5602
7.76512
34.9092
49.6534
12.5764
Control Period 
12.5764
32.514
47.1416
18.5478
32.4434
42.7619
15.03
32.4383
43.3304
9.57235
34.8467
47.55
11.5734
34.9245
48.6646
12.5447
32.5325
47.2378
18.5662
32.4946
45.284
19.5519
32.4516
40.0094
1.08032
32.5069
41.7824
12.5703
36.9807
48.6186
11.558
33.5544
47.9539
15.5519
32.5315
47.2276
19.5437
32.4854
42.7722
5.01318
32.3901
43.3472
9.5703
36.9541
50.2233
9.56723
34.9153
51.2417
9.5529
32.5038
44.1018
18.5549
32.5059
45.0291
12.0861
32.4659
41.2776
9.57235
33.7725
45.5406
14.5713
34.903
49.5756
11.5468
34.7597
46.0747
5.09318
32.4895
48.1404
17.7692
32.4659
41.7732
12.5672
Control Period 
12.5672
32.4321
43.2632
9.57133
34.859
50.2397
9.5744
34.9123
48.6206
2.09421
32.5468
47.204
16.6575
32.5069
42.7384
17.1312
32.4557
41.7066
12.5631
34.6634
47.5396
16.5652
34.902
50.2315
1.03117
32.512
47.9368
17.7815
32.4966
45.1796
19.5488
32.4649
43.5785
19.1097
32.4096
41.7005
12.5672
34.8201
45.7944
9.56006
34.9112
50.5334
11.7123
32.4751
49.2491
19.5427
32.4526
42.9053
15.0125
32.4045
44.3318
9.5703
34.6737
45.5386
6.04243
37.0022
49.5715
9.66054
32.5181
45.1089
19.557
32.5315
47.2429
19.5662
32.4649
42.4497
9.57338
32.4372
42.2632
3.93216
36.9674
50.2417
9.56314
36.9951
Control Period 
36.9951
49.6124
11.5734
32.5243
45.1509
18.5437
32.4741
42.7548
15.0136
32.4424
44.296
4.82714
34.7238
46.5406
14.5672
34.8867
49.6739
12.5519
32.5274
48.2204
18.5642
32.5059
45.2267
19.5478
32.4772
40.3914
4.85171
32.4383
41.6882
12.5621
34.8549
48.5745
11.5601
37.0166
49.6585
11.5631
32.5693
42.1977
5.08602
32.4987
46.5959
19.1742
32.4854
41.7773
12.5642
34.69
47.6093
11.5775
34.8959
48.6442
11.5468
32.5509
46.2486
8.11366
32.5243
48.1271
17.7692
32.4936
40.4446
9.57133
32.4168
41.5889
11.5631
37.0145
48.6902
12.557
34.8969
50.7046
3.08704
32.5315
47.3095
17.6687
32.4547
42.7609
Control Period 
42.7609
15.0361
32.4628
44.3021
9.56723
34.7996
46.5315
11.5724
36.9951
48.6943
4.98554
32.5243
45.0547
18.5631
32.5007
47.289
19.5529
32.4721
40.991
9.56416
32.4219
43.2663
9.56928
36.9592
50.2264
5.78662
37.036
47.7005
13.5672
32.5243
45.1396
18.5529
32.4874
42.7578
17.1251
32.428
40.7082
2.06906
36.9469
49.5418
8.72973
34.902
48.6421
11.5478
32.5222
47.1047
18.5529
32.4495
45.2369
19.557
32.4649
39.0407
9.57133
32.4342
41.5325
11.559
36.9664
48.5612
11.556
33.5483
48.0317
15.557
32.553
47.2358
18.5959
32.4721
42.7486
5.01114
32.4639
43.3011
9.5744
36.9377
50.2335
9.5703
Control Period 
9.5703
34.8242
51.2325
9.55494
32.4844
44.0331
18.5539
32.4936
43.0159
5.96448
32.4127
41.7292
12.5672
34.6757
47.6524
11.5621
34.8539
48.7496
12.556
32.5857
42.1537
13.5488
32.4393
47.3515
19.7641
32.4803
42.723
13.6424
32.4588
41.6892
12.5693
36.9654
48.6687
11.5683
34.8641
48.8459
3.09114
32.4454
46.1161
15.7092
32.5038
45.1652
19.557
32.4833
40.46
9.56928
32.4925
42.2489
9.56314
34.8047
50.2673
2.96448
37.0667
48.7507
12.5457
32.4895
47.1948
18.558
32.4844
48.3116
19.5498
32.5202
40.9807
9.56211
32.4383
42.2724
6.73894
36.9961
50.2714
9.56314
34.9164
48.8305
12.5519
Control Period 
12.5519
32.5745
44.6973
20.5519
32.4639
48.4324
18.5508
32.4762
41.5061
9.57235
32.4557
46.5816
15.5703
37.0115
51.8244
13.557
36.9787
51.8582
13.5539
32.4792
49.2266
11.0881
32.51
45.3045
17.2268
32.4588
44.6769
13.5693
33.7971
49.5314
15.5775
34.8959
51.6442
12.557
33.5124
48.1332
3.10342
32.5396
52.1138
17.823
32.4895
44.7629
15.8344
32.4608
43.6093
13.5764
34.8477
50.5807
12.5734
36.9674
48.8173
2.07008
32.5007
48.9316
17.821
32.4157
44.5468
20.1005
32.4495
43.7384
13.5703
Control Period 
13.5703
Control Period 
13.5703
